20
5
100
2
6
17
3
8
16
19
1 1 0 0
1 2 26 26
1 3 6 6
1 4 61 61
1 5 29 29
1 6 61 61
1 7 80 80
1 8 52 52
1 9 50 50
1 10 30 30
1 11 62 62
1 12 23 23
1 13 77 77
1 14 24 24
1 15 64 64
1 16 88 88
1 17 24 24
1 18 37 37
1 19 77 77
1 20 90 90
2 2 0 0
2 3 33 33
2 4 42 42
2 5 39 39
2 6 83 83
2 7 78 78
2 8 28 28
2 9 65 65
2 10 48 48
2 11 84 84
2 12 24 24
2 13 90 90
2 14 19 19
2 15 46 46
2 16 89 89
2 17 20 20
2 18 26 26
2 19 71 71
2 20 90 90
3 3 0 0
3 4 66 66
3 5 31 31
3 6 55 55
3 7 81 81
3 8 58 58
3 9 47 47
3 10 27 27
3 11 56 56
3 12 26 26
3 13 74 74
3 14 28 28
3 15 69 69
3 16 88 88
3 17 29 29
3 18 41 41
3 19 79 79
3 20 91 91
4 4 0 0
4 5 81 81
4 6 98 98
4 7 53 53
4 8 21 21
4 9 71 71
4 10 64 64
4 11 99 99
4 12 41 41
4 13 87 87
4 14 37 37
4 15 4 4
4 16 66 66
4 17 62 62
4 18 25 25
4 19 42 42
4 20 66 66
5 5 0 0
5 6 82 82
5 7 109 109
5 8 66 66
5 9 77 77
5 10 57 57
5 11 83 83
5 12 50 50
5 13 105 105
5 14 49 49
5 15 85 85
5 16 117 117
5 17 20 20
5 18 61 61
5 19 104 104
5 20 119 119
6 6 0 0
6 7 79 79
6 8 100 100
6 9 29 29
6 10 35 35
6 11 1 1
6 12 62 62
6 13 39 39
6 14 68 68
6 15 99 99
6 16 76 76
6 17 84 84
6 18 75 75
6 19 84 84
6 20 80 80
7 7 0 0
7 8 71 71
7 9 51 51
7 10 62 62
7 11 80 80
7 12 59 59
7 13 49 49
7 14 62 62
7 15 50 50
7 16 14 14
7 17 95 95
7 18 52 52
7 19 11 11
7 20 13 13
8 8 0 0
8 9 77 77
8 10 65 65
8 11 102 102
8 12 38 38
8 13 98 98
8 14 33 33
8 15 25 25
8 16 84 84
8 17 46 46
8 18 27 27
8 19 61 61
8 20 84 84
9 9 0 0
9 10 20 20
9 11 30 30
9 12 41 41
9 13 27 27
9 14 48 48
9 15 72 72
9 16 51 51
9 17 73 73
9 18 50 50
9 19 55 55
9 20 55 55
10 10 0 0
10 11 37 37
10 12 27 27
10 13 47 47
10 14 33 33
10 15 67 67
10 16 65 65
10 17 54 54
10 18 40 40
10 19 62 62
10 20 69 69
11 11 0 0
11 12 64 64
11 13 40 40
11 14 70 70
11 15 100 100
11 16 77 77
11 17 86 86
11 18 76 76
11 19 85 85
11 20 81 81
12 12 0 0
12 13 66 66
12 14 6 6
12 15 44 44
12 16 68 68
12 17 37 37
12 18 16 16
12 19 55 55
12 20 70 70
13 13 0 0
13 14 72 72
13 15 87 87
13 16 42 42
13 17 100 100
13 18 72 72
13 19 58 58
13 20 46 46
14 14 0 0
14 15 41 41
14 16 71 71
14 17 34 34
14 18 13 13
14 19 56 56
14 20 73 73
15 15 0 0
15 16 64 64
15 17 66 66
15 18 28 28
15 19 39 39
15 20 63 63
16 16 0 0
16 17 105 105
16 18 64 64
16 19 25 25
16 20 4 4
17 17 0 0
17 18 45 45
17 19 90 90
17 20 107 107
18 18 0 0
18 19 45 45
18 20 65 65
19 19 0 0
19 20 24 24
20 20 0 0