20
5
100
2
12
18
3
2
8
20
1 1 0 0
1 2 88 88
1 3 48 48
1 4 60 60
1 5 84 84
1 6 54 54
1 7 16 16
1 8 13 13
1 9 51 51
1 10 83 83
1 11 70 70
1 12 69 69
1 13 86 86
1 14 65 65
1 15 61 61
1 16 75 75
1 17 73 73
1 18 79 79
1 19 79 79
1 20 100 100
2 2 0 0
2 3 75 75
2 4 61 61
2 5 22 22
2 6 87 87
2 7 95 95
2 8 76 76
2 9 37 37
2 10 42 42
2 11 21 21
2 12 40 40
2 13 58 58
2 14 54 54
2 15 38 38
2 16 51 51
2 17 29 29
2 18 52 52
2 19 53 53
2 20 26 26
3 3 0 0
3 4 18 18
3 5 84 84
3 6 13 13
3 7 64 64
3 8 38 38
3 9 48 48
3 10 93 93
3 11 66 66
3 12 38 38
3 13 103 103
3 14 85 85
3 15 37 37
3 16 36 36
3 17 77 77
3 18 95 95
3 19 96 96
3 20 74 74
4 4 0 0
4 5 73 73
4 6 28 28
4 7 75 75
4 8 48 48
4 9 43 43
4 10 86 86
4 11 57 57
4 12 22 22
4 13 98 98
4 14 82 82
4 15 24 24
4 16 18 18
4 17 69 69
4 18 90 90
4 19 91 91
4 20 56 56
5 5 0 0
5 6 97 97
5 7 87 87
5 8 74 74
5 9 37 37
5 10 20 20
5 11 17 17
5 12 55 55
5 13 36 36
5 14 36 36
5 15 50 50
5 16 68 68
5 17 12 12
5 18 31 31
5 19 32 32
5 20 48 48
6 6 0 0
6 7 70 70
6 8 46 46
6 9 61 61
6 10 106 106
6 11 79 79
6 12 49 49
6 13 116 116
6 14 97 97
6 15 49 49
6 16 45 45
6 17 90 90
6 18 108 108
6 19 109 109
6 20 84 84
7 7 0 0
7 8 27 27
7 9 58 58
7 10 82 82
7 11 75 75
7 12 81 81
7 13 82 82
7 14 62 62
7 15 72 72
7 16 89 89
7 17 75 75
7 18 76 76
7 19 76 76
7 20 110 110
8 8 0 0
8 9 39 39
8 10 75 75
8 11 58 58
8 12 55 55
8 13 80 80
8 14 60 60
8 15 48 48
8 16 62 62
8 17 63 63
8 18 73 73
8 19 73 73
8 20 87 87
9 9 0 0
9 10 45 45
9 11 20 20
9 12 32 32
9 13 56 56
9 14 40 40
9 15 23 23
9 16 45 45
9 17 29 29
9 18 48 48
9 19 49 49
9 20 52 52
10 10 0 0
10 11 30 30
10 12 70 70
10 13 16 16
10 14 22 22
10 15 63 63
10 16 84 84
10 17 17 17
10 18 12 12
10 19 13 13
10 20 68 68
11 11 0 0
11 12 39 39
11 13 45 45
11 14 36 36
11 15 33 33
11 16 53 53
11 17 13 13
11 18 38 38
11 19 39 39
11 20 44 44
12 12 0 0
12 13 84 84
12 14 70 70
12 15 9 9
12 16 14 14
12 17 52 52
12 18 76 76
12 19 77 77
12 20 36 36
13 13 0 0
13 14 21 21
13 15 76 76
13 16 98 98
13 17 32 32
13 18 8 8
13 19 7 7
13 20 84 84
14 14 0 0
14 15 62 62
14 16 84 84
14 17 25 25
14 18 14 14
14 19 14 14
14 20 79 79
15 15 0 0
15 16 22 22
15 17 46 46
15 18 69 69
15 19 70 70
15 20 40 40
16 16 0 0
16 17 66 66
16 18 90 90
16 19 91 91
16 20 40 40
17 17 0 0
17 18 25 25
17 19 26 26
17 20 54 54
18 18 0 0
18 19 1 1
18 20 78 78
19 19 0 0
19 20 79 79
20 20 0 0