20
15
100
2
10
13
3
4
13
17
1 1 0 0
1 2 16 16
1 3 42 42
1 4 51 51
1 5 34 34
1 6 74 74
1 7 53 53
1 8 64 64
1 9 60 60
1 10 41 41
1 11 32 32
1 12 67 67
1 13 47 47
1 14 58 58
1 15 71 71
1 16 59 59
1 17 51 51
1 18 62 62
1 19 31 31
1 20 12 12
2 2 0 0
2 3 44 44
2 4 45 45
2 5 48 48
2 6 80 80
2 7 51 51
2 8 65 65
2 9 54 54
2 10 52 52
2 11 45 45
2 12 75 75
2 13 41 41
2 14 45 45
2 15 87 87
2 16 71 71
2 17 63 63
2 18 78 78
2 19 48 48
2 20 28 28
3 3 0 0
3 4 23 23
3 5 37 37
3 6 37 37
3 7 14 14
3 8 22 22
3 9 27 27
3 10 28 28
3 11 32 32
3 12 35 35
3 13 22 22
3 14 45 45
3 15 82 82
3 16 43 43
3 17 38 38
3 18 74 74
3 19 49 49
3 20 48 48
4 4 0 0
4 5 58 58
4 6 53 53
4 7 14 14
4 8 32 32
4 9 9 9
4 10 51 51
4 11 54 54
4 12 55 55
4 13 4 4
4 14 23 23
4 15 104 104
4 16 66 66
4 17 62 62
4 18 96 96
4 19 69 69
4 20 61 61
5 5 0 0
5 6 51 51
5 7 51 51
5 8 51 51
5 9 64 64
5 10 13 13
5 11 4 4
5 12 42 42
5 13 56 56
5 14 75 75
5 15 46 46
5 16 26 26
5 17 18 18
5 18 38 38
5 19 15 15
5 20 29 29
6 6 0 0
6 7 39 39
6 8 22 22
6 9 51 51
6 10 38 38
6 11 48 48
6 12 10 10
6 13 55 55
6 14 77 77
6 15 83 83
6 16 34 34
6 17 37 37
6 18 77 77
6 19 66 66
6 20 75 75
7 7 0 0
7 8 18 18
7 9 14 14
7 10 42 42
7 11 47 47
7 12 41 41
7 13 16 16
7 14 37 37
7 15 96 96
7 16 54 54
7 17 51 51
7 18 88 88
7 19 64 64
7 20 60 60
8 8 0 0
8 9 29 29
8 10 39 39
8 11 47 47
8 12 26 26
8 13 34 34
8 14 55 55
8 15 92 92
8 16 46 46
8 17 45 45
8 18 85 85
8 19 66 66
8 20 68 68
9 9 0 0
9 10 55 55
9 11 59 59
9 12 54 54
9 13 13 13
9 14 27 27
9 15 110 110
9 16 69 69
9 17 65 65
9 18 101 101
9 19 75 75
9 20 69 69
10 10 0 0
10 11 11 11
10 12 29 29
10 13 49 49
10 14 71 71
10 15 55 55
10 16 19 19
10 17 12 12
10 18 47 47
10 19 28 28
10 20 39 39
11 11 0 0
11 12 40 40
11 13 51 51
11 14 71 71
11 15 51 51
11 16 27 27
11 17 18 18
11 18 42 42
11 19 18 18
11 20 29 29
12 12 0 0
12 13 56 56
12 14 78 78
12 15 73 73
12 16 24 24
12 17 27 27
12 18 67 67
12 19 57 57
12 20 67 67
13 13 0 0
13 14 22 22
13 15 102 102
13 16 65 65
13 17 60 60
13 18 93 93
13 19 66 66
13 20 57 57
14 14 0 0
14 15 121 121
14 16 87 87
14 17 82 82
14 18 112 112
14 19 82 82
14 20 69 69
15 15 0 0
15 16 49 49
15 17 48 48
15 18 9 9
15 19 40 40
15 20 60 60
16 16 0 0
16 17 8 8
16 18 43 43
16 19 38 38
16 20 55 55
17 17 0 0
17 18 41 41
17 19 31 31
17 20 47 47
18 18 0 0
18 19 31 31
18 20 51 51
19 19 0 0
19 20 21 21
20 20 0 0