20
5
100
2
9
16
3
13
16
17
1 1 0 0
1 2 91 91
1 3 70 70
1 4 33 33
1 5 64 64
1 6 57 57
1 7 47 47
1 8 92 92
1 9 20 20
1 10 44 44
1 11 91 91
1 12 16 16
1 13 45 45
1 14 38 38
1 15 86 86
1 16 48 48
1 17 76 76
1 18 12 12
1 19 54 54
1 20 83 83
2 2 0 0
2 3 64 64
2 4 64 64
2 5 95 95
2 6 81 81
2 7 118 118
2 8 70 70
2 9 83 83
2 10 78 78
2 11 51 51
2 12 84 84
2 13 72 72
2 14 110 110
2 15 15 15
2 16 44 44
2 17 15 15
2 18 87 87
2 19 46 46
2 20 52 52
3 3 0 0
3 4 68 68
3 5 33 33
3 6 23 23
3 7 69 69
3 8 22 22
3 9 50 50
3 10 29 29
3 11 27 27
3 12 75 75
3 13 87 87
3 14 63 63
3 15 50 50
3 16 52 52
3 17 54 54
3 18 74 74
3 19 29 29
3 20 19 19
4 4 0 0
4 5 78 78
4 6 66 66
4 7 76 76
4 8 89 89
4 9 38 38
4 10 54 54
4 11 80 80
4 12 21 21
4 13 19 19
4 14 66 66
4 15 63 63
4 16 22 22
4 17 50 50
4 18 24 24
4 19 42 42
4 20 74 74
5 5 0 0
5 6 14 14
5 7 42 42
5 8 46 46
5 9 45 45
5 10 24 24
5 11 59 59
5 12 76 76
5 13 97 97
5 14 40 40
5 15 81 81
5 16 71 71
5 17 83 83
5 18 74 74
5 19 52 52
5 20 52 52
6 6 0 0
6 7 46 46
6 8 41 41
6 9 36 36
6 10 13 13
6 11 50 50
6 12 67 67
6 13 85 85
6 14 41 41
6 15 68 68
6 16 57 57
6 17 69 69
6 18 64 64
6 19 38 38
6 20 42 42
7 7 0 0
7 8 87 87
7 9 39 39
7 10 42 42
7 11 95 95
7 12 63 63
7 13 91 91
7 14 9 9
7 15 108 108
7 16 81 81
7 17 104 104
7 18 59 59
7 19 73 73
7 20 87 87
8 8 0 0
8 9 73 73
8 10 50 50
8 11 20 20
8 12 98 98
8 13 107 107
8 14 82 82
8 15 55 55
8 16 71 71
8 17 65 65
8 18 97 97
8 19 47 47
8 20 19 19
9 9 0 0
9 10 24 24
9 11 73 73
9 12 31 31
9 13 55 55
9 14 30 30
9 15 74 74
9 16 42 42
9 17 67 67
9 18 29 29
9 19 40 40
9 20 65 65
10 10 0 0
10 11 55 55
10 12 54 54
10 13 73 73
10 14 35 35
10 15 67 67
10 16 48 48
10 17 64 64
10 18 52 52
10 19 33 33
10 20 47 47
11 11 0 0
11 12 93 93
11 13 97 97
11 14 89 89
11 15 36 36
11 16 60 60
11 17 47 47
11 18 93 93
11 19 39 39
11 20 8 8
12 12 0 0
12 13 29 29
12 14 54 54
12 15 81 81
12 16 41 41
12 17 70 70
12 18 4 4
12 19 54 54
12 20 86 86
13 13 0 0
13 14 82 82
13 15 74 74
13 16 37 37
13 17 60 60
13 18 34 34
13 19 59 59
13 20 91 91
14 14 0 0
14 15 99 99
14 16 72 72
14 17 95 95
14 18 50 50
14 19 65 65
14 20 81 81
15 15 0 0
15 16 41 41
15 17 15 15
15 18 83 83
15 19 35 35
15 20 37 37
16 16 0 0
16 17 29 29
16 18 43 43
16 19 24 24
16 20 55 55
17 17 0 0
17 18 72 72
17 19 32 32
17 20 46 46
18 18 0 0
18 19 55 55
18 20 85 85
19 19 0 0
19 20 32 32
20 20 0 0