20
15
100
2
3
12
3
3
4
9
1 1 0 0
1 2 47 47
1 3 53 53
1 4 57 57
1 5 87 87
1 6 25 25
1 7 92 92
1 8 44 44
1 9 52 52
1 10 80 80
1 11 84 84
1 12 51 51
1 13 68 68
1 14 39 39
1 15 67 67
1 16 74 74
1 17 50 50
1 18 26 26
1 19 15 15
1 20 50 50
2 2 0 0
2 3 32 32
2 4 52 52
2 5 47 47
2 6 30 30
2 7 47 47
2 8 50 50
2 9 63 63
2 10 34 34
2 11 64 64
2 12 6 6
2 13 56 56
2 14 48 48
2 15 47 47
2 16 63 63
2 17 3 3
2 18 30 30
2 19 62 62
2 20 41 41
3 3 0 0
3 4 82 82
3 5 76 76
3 6 50 50
3 7 71 71
3 8 25 25
3 9 88 88
3 10 42 42
3 11 96 96
3 12 28 28
3 13 87 87
3 14 27 27
3 15 79 79
3 16 94 94
3 17 32 32
3 18 27 27
3 19 67 67
3 20 70 70
4 4 0 0
4 5 53 53
4 6 36 36
4 7 66 66
4 8 90 90
4 9 20 20
4 10 79 79
4 11 30 30
4 12 58 58
4 13 11 11
4 14 86 86
4 15 18 18
4 16 17 17
4 17 54 54
4 18 65 65
4 19 63 63
4 20 11 11
5 5 0 0
5 6 63 63
5 7 15 15
5 8 97 97
5 9 73 73
5 10 45 45
5 11 38 38
5 12 48 48
5 13 48 48
5 14 95 95
5 15 36 36
5 16 50 50
5 17 46 46
5 18 77 77
5 19 99 99
5 20 48 48
6 6 0 0
6 7 69 69
6 8 55 55
6 9 38 38
6 10 64 64
6 11 61 61
6 12 36 36
6 13 45 45
6 14 51 51
6 15 42 42
6 16 52 52
6 17 33 33
6 18 29 29
6 19 36 36
6 20 27 27
7 7 0 0
7 8 94 94
7 9 85 85
7 10 35 35
7 11 53 53
7 12 46 46
7 13 61 61
7 14 94 94
7 15 49 49
7 16 64 64
7 17 45 45
7 18 77 77
7 19 105 105
7 20 59 59
8 8 0 0
8 9 92 92
8 10 67 67
8 11 110 110
8 12 49 49
8 13 98 98
8 14 5 5
8 15 92 92
8 16 105 105
8 17 51 51
8 18 26 26
8 19 55 55
8 20 80 80
9 9 0 0
9 10 94 94
9 11 48 48
9 12 69 69
9 13 29 29
9 14 87 87
9 15 38 38
9 16 33 33
9 17 65 65
9 18 67 67
9 19 52 52
9 20 26 26
10 10 0 0
10 11 79 79
10 12 29 29
10 13 79 79
10 14 68 68
10 15 67 67
10 16 84 84
10 17 31 31
10 18 58 58
10 19 95 95
10 20 68 68
11 11 0 0
11 12 68 68
11 13 19 19
11 14 107 107
11 15 18 18
11 16 16 16
11 17 64 64
11 18 86 86
11 19 92 92
11 20 34 34
12 12 0 0
12 13 62 62
12 14 48 48
12 15 52 52
12 16 68 68
12 17 4 4
12 18 32 32
12 19 66 66
12 20 47 47
13 13 0 0
13 14 95 95
13 15 12 12
13 16 7 7
13 17 58 58
13 18 73 73
13 19 74 74
13 20 18 18
14 14 0 0
14 15 89 89
14 16 102 102
14 17 49 49
14 18 22 22
14 19 50 50
14 20 76 76
15 15 0 0
15 16 17 17
15 17 48 48
15 18 67 67
15 19 75 75
15 20 17 17
16 16 0 0
16 17 64 64
16 18 80 80
16 19 80 80
16 20 25 25
17 17 0 0
17 18 32 32
17 19 64 64
17 20 42 42
18 18 0 0
18 19 40 40
18 20 54 54
19 19 0 0
19 20 58 58
20 20 0 0