20
0
100
2
10
19
3
4
14
15
1 1 0 0
1 2 80 80
1 3 88 88
1 4 41 41
1 5 76 76
1 6 76 76
1 7 34 34
1 8 88 88
1 9 72 72
1 10 42 42
1 11 58 58
1 12 55 55
1 13 49 49
1 14 96 96
1 15 18 18
1 16 57 57
1 17 48 48
1 18 60 60
1 19 54 54
1 20 47 47
2 2 0 0
2 3 52 52
2 4 51 51
2 5 51 51
2 6 5 5
2 7 95 95
2 8 46 46
2 9 23 23
2 10 38 38
2 11 54 54
2 12 39 39
2 13 50 50
2 14 64 64
2 15 91 91
2 16 75 75
2 17 73 73
2 18 20 20
2 19 51 51
2 20 39 39
3 3 0 0
3 4 47 47
3 5 13 13
3 6 47 47
3 7 83 83
3 8 6 6
3 9 31 31
3 10 59 59
3 11 31 31
3 12 78 78
3 13 87 87
3 14 12 12
3 15 89 89
3 16 47 47
3 17 52 52
3 18 55 55
3 19 34 34
3 20 72 72
4 4 0 0
4 5 35 35
4 6 47 47
4 7 44 44
4 8 47 47
4 9 36 36
4 10 24 24
4 11 19 19
4 12 49 49
4 13 53 53
4 14 56 56
4 15 44 44
4 16 30 30
4 17 24 24
4 18 37 37
4 19 14 14
4 20 40 40
5 5 0 0
5 6 46 46
5 7 70 70
5 8 15 15
5 9 28 28
5 10 50 50
5 11 18 18
5 12 71 71
5 13 79 79
5 14 21 21
5 15 76 76
5 16 36 36
5 17 40 40
5 18 50 50
5 19 22 22
5 20 64 64
6 6 0 0
6 7 90 90
6 8 42 42
6 9 18 18
6 10 35 35
6 11 49 49
6 12 39 39
6 13 50 50
6 14 59 59
6 15 87 87
6 16 70 70
6 17 68 68
6 18 18 18
6 19 46 46
6 20 38 38
7 7 0 0
7 8 85 85
7 9 79 79
7 10 61 61
7 11 52 52
7 12 81 81
7 13 79 79
7 14 87 87
7 15 18 18
7 16 39 39
7 17 31 31
7 18 78 78
7 19 51 51
7 20 72 72
8 8 0 0
8 9 26 26
8 10 56 56
8 11 33 33
8 12 74 74
8 13 84 84
8 14 18 18
8 15 90 90
8 16 50 50
8 17 54 54
8 18 51 51
8 19 35 35
8 20 69 69
9 9 0 0
9 10 34 34
9 11 33 33
9 12 49 49
9 13 59 59
9 14 43 43
9 15 79 79
9 16 54 54
9 17 54 54
9 18 25 25
9 19 31 31
9 20 44 44
10 10 0 0
10 11 40 40
10 12 25 25
10 13 30 30
10 14 70 70
10 15 54 54
10 16 54 54
10 17 48 48
10 18 18 18
10 19 34 34
10 20 16 16
11 11 0 0
11 12 64 64
11 13 70 70
11 14 38 38
11 15 58 58
11 16 21 21
11 17 22 22
11 18 47 47
11 19 6 6
11 20 56 56
12 12 0 0
12 13 12 12
12 14 90 90
12 15 70 70
12 16 79 79
12 17 73 73
12 18 24 24
12 19 59 59
12 20 9 9
13 13 0 0
13 14 99 99
13 15 66 66
13 16 82 82
13 17 75 75
13 18 34 34
13 19 64 64
13 20 15 15
14 14 0 0
14 15 96 96
14 16 49 49
14 17 56 56
14 18 68 68
14 19 42 42
14 20 84 84
15 15 0 0
15 16 50 50
15 17 41 41
15 18 72 72
15 19 55 55
15 20 62 62
16 16 0 0
16 17 9 9
16 18 65 65
16 19 24 24
16 20 70 70
17 17 0 0
17 18 61 61
17 19 23 23
17 20 64 64
18 18 0 0
18 19 42 42
18 20 20 20
19 19 0 0
19 20 50 50
20 20 0 0