20
5
100
2
14
19
3
2
15
19
1 1 0 0
1 2 43 43
1 3 30 30
1 4 58 58
1 5 50 50
1 6 51 51
1 7 40 40
1 8 60 60
1 9 57 57
1 10 31 31
1 11 74 74
1 12 87 87
1 13 93 93
1 14 49 49
1 15 84 84
1 16 26 26
1 17 73 73
1 18 87 87
1 19 19 19
1 20 71 71
2 2 0 0
2 3 14 14
2 4 63 63
2 5 25 25
2 6 26 26
2 7 9 9
2 8 41 41
2 9 22 22
2 10 34 34
2 11 81 81
2 12 44 44
2 13 53 53
2 14 47 47
2 15 57 57
2 16 40 40
2 17 54 54
2 18 48 48
2 19 52 52
2 20 32 32
3 3 0 0
3 4 64 64
3 5 24 24
3 6 35 35
3 7 10 10
3 8 48 48
3 9 35 35
3 10 22 22
3 11 82 82
3 12 57 57
3 13 67 67
3 14 48 48
3 15 68 68
3 16 26 26
3 17 62 62
3 18 57 57
3 19 42 42
3 20 41 41
4 4 0 0
4 5 87 87
4 6 42 42
4 7 69 69
4 8 34 34
4 9 55 55
4 10 81 81
4 11 18 18
4 12 95 95
4 13 84 84
4 14 17 17
4 15 51 51
4 16 80 80
4 17 34 34
4 18 109 109
4 19 42 42
4 20 93 93
5 5 0 0
5 6 52 52
5 7 17 17
5 8 66 66
5 9 46 46
5 10 23 23
5 11 105 105
5 12 49 49
5 13 68 68
5 14 71 71
5 15 81 81
5 16 31 31
5 17 80 80
5 18 39 39
5 19 65 65
5 20 26 26
6 6 0 0
6 7 35 35
6 8 14 14
6 9 13 13
6 10 57 57
6 11 59 59
6 12 54 54
6 13 47 47
6 14 25 25
6 15 34 34
6 16 60 60
6 17 28 28
6 18 67 67
6 19 49 49
6 20 52 52
7 7 0 0
7 8 49 49
7 9 31 31
7 10 26 26
7 11 88 88
7 12 48 48
7 13 60 60
7 14 53 53
7 15 66 66
7 16 32 32
7 17 63 63
7 18 47 47
7 19 52 52
7 20 31 31
8 8 0 0
8 9 24 24
8 10 70 70
8 11 49 49
8 12 62 62
8 13 50 50
8 14 20 20
8 15 24 24
8 16 73 73
8 17 14 14
8 18 79 79
8 19 54 54
8 20 65 65
9 9 0 0
9 10 56 56
9 11 71 71
9 12 41 41
9 13 37 37
9 14 38 38
9 15 35 35
9 16 61 61
9 17 35 35
9 18 55 55
9 19 59 59
9 20 41 41
10 10 0 0
10 11 99 99
10 12 70 70
10 13 86 86
10 14 68 68
10 15 90 90
10 16 8 8
10 17 84 84
10 18 63 63
10 19 50 50
10 20 49 49
11 11 0 0
11 12 111 111
11 13 97 97
11 14 35 35
11 15 61 61
11 16 98 98
11 17 44 44
11 18 126 126
11 19 57 57
11 20 111 111
12 12 0 0
12 13 28 28
12 14 79 79
12 15 62 62
12 16 78 78
12 17 71 71
12 18 24 24
12 19 95 95
12 20 23 23
13 13 0 0
13 14 69 69
13 15 39 39
13 16 92 92
13 17 53 53
13 18 52 52
13 19 96 96
13 20 48 48
14 14 0 0
14 15 42 42
14 16 68 68
14 17 26 26
14 18 92 92
14 19 38 38
14 20 76 76
15 15 0 0
15 16 94 94
15 17 17 17
15 18 83 83
15 19 78 78
15 20 72 72
16 16 0 0
16 17 86 86
16 18 71 71
16 19 45 45
16 20 57 57
17 17 0 0
17 18 89 89
17 19 64 64
17 20 76 76
18 18 0 0
18 19 99 99
18 20 16 16
19 19 0 0
19 20 83 83
20 20 0 0