20
15
100
2
8
10
3
3
4
8
1 1 0 0
1 2 23 23
1 3 46 46
1 4 40 40
1 5 27 27
1 6 48 48
1 7 37 37
1 8 41 41
1 9 63 63
1 10 25 25
1 11 30 30
1 12 35 35
1 13 48 48
1 14 56 56
1 15 41 41
1 16 30 30
1 17 43 43
1 18 27 27
1 19 33 33
1 20 50 50
2 2 0 0
2 3 56 56
2 4 35 35
2 5 20 20
2 6 27 27
2 7 60 60
2 8 54 54
2 9 40 40
2 10 15 15
2 11 18 18
2 12 35 35
2 13 71 71
2 14 35 35
2 15 51 51
2 16 31 31
2 17 47 47
2 18 25 25
2 19 29 29
2 20 34 34
3 3 0 0
3 4 85 85
3 5 38 38
3 6 82 82
3 7 52 52
3 8 83 83
3 9 85 85
3 10 67 67
3 11 71 71
3 12 81 81
3 13 71 71
3 14 89 89
3 15 85 85
3 16 25 25
3 17 13 13
3 18 32 32
3 19 78 78
3 20 89 89
4 4 0 0
4 5 54 54
4 6 30 30
4 7 67 67
4 8 34 34
4 9 56 56
4 10 21 21
4 11 18 18
4 12 8 8
4 13 68 68
4 14 37 37
4 15 29 29
4 16 64 64
4 17 80 80
4 18 59 59
4 19 7 7
4 20 23 23
5 5 0 0
5 6 45 45
5 7 58 58
5 8 66 66
5 9 49 49
5 10 34 34
5 11 38 38
5 12 52 52
5 13 73 73
5 14 51 51
5 15 65 65
5 16 12 12
5 17 28 28
5 18 6 6
5 19 48 48
5 20 53 53
6 6 0 0
6 7 83 83
6 8 62 62
6 9 26 26
6 10 24 24
6 11 20 20
6 12 36 36
6 13 90 90
6 14 9 9
6 15 58 58
6 16 57 57
6 17 73 73
6 18 51 51
6 19 30 30
6 20 11 11
7 7 0 0
7 8 45 45
7 9 100 100
7 10 59 59
7 11 64 64
7 12 59 59
7 13 19 19
7 14 92 92
7 15 50 50
7 16 54 54
7 17 58 58
7 18 55 55
7 19 61 61
7 20 83 83
8 8 0 0
8 9 87 87
8 10 42 42
8 11 44 44
8 12 27 27
8 13 38 38
8 14 70 70
8 15 6 6
8 16 70 70
8 17 83 83
8 18 67 67
8 19 33 33
8 20 57 57
9 9 0 0
9 10 45 45
9 11 43 43
9 12 61 61
9 13 110 110
9 14 22 22
9 15 83 83
9 16 60 60
9 17 73 73
9 18 54 54
9 19 55 55
9 20 36 36
10 10 0 0
10 11 5 5
10 12 20 20
10 13 66 66
10 14 33 33
10 15 39 39
10 16 44 44
10 17 60 60
10 18 38 38
10 19 15 15
10 20 25 25
11 11 0 0
11 12 19 19
11 13 70 70
11 14 29 29
11 15 40 40
11 16 48 48
11 17 65 65
11 18 42 42
11 19 13 13
11 20 20 20
12 12 0 0
12 13 60 60
12 14 43 43
12 15 22 22
12 16 61 61
12 17 76 76
12 18 56 56
12 19 6 6
12 20 30 30
13 13 0 0
13 14 98 98
13 15 44 44
13 16 71 71
13 17 77 77
13 18 71 71
13 19 64 64
13 20 88 88
14 14 0 0
14 15 65 65
14 16 64 64
14 17 79 79
14 18 57 57
14 19 37 37
14 20 15 15
15 15 0 0
15 16 71 71
15 17 84 84
15 18 67 67
15 19 28 28
15 20 52 52
16 16 0 0
16 17 16 16
16 18 6 6
16 19 57 57
16 20 64 64
17 17 0 0
17 18 22 22
17 19 73 73
17 20 81 81
18 18 0 0
18 19 52 52
18 20 58 58
19 19 0 0
19 20 25 25
20 20 0 0