20
15
100
2
3
15
3
4
5
19
1 1 0 0
1 2 73 73
1 3 81 81
1 4 52 52
1 5 32 32
1 6 6 6
1 7 36 36
1 8 98 98
1 9 19 19
1 10 44 44
1 11 75 75
1 12 64 64
1 13 38 38
1 14 84 84
1 15 78 78
1 16 24 24
1 17 47 47
1 18 35 35
1 19 49 49
1 20 90 90
2 2 0 0
2 3 9 9
2 4 45 45
2 5 48 48
2 6 75 75
2 7 37 37
2 8 92 92
2 9 88 88
2 10 31 31
2 11 13 13
2 12 17 17
2 13 40 40
2 14 28 28
2 15 72 72
2 16 85 85
2 17 29 29
2 18 99 99
2 19 74 74
2 20 18 18
3 3 0 0
3 4 53 53
3 5 55 55
3 6 83 83
3 7 46 46
3 8 91 91
3 9 95 95
3 10 40 40
3 11 11 11
3 12 20 20
3 13 47 47
3 14 23 23
3 15 72 72
3 16 92 92
3 17 38 38
3 18 106 106
3 19 78 78
3 20 9 9
4 4 0 0
4 5 50 50
4 6 57 57
4 7 29 29
4 8 119 119
4 9 71 71
4 10 23 23
4 11 55 55
4 12 50 50
4 13 47 47
4 14 70 70
4 15 97 97
4 16 74 74
4 17 22 22
4 18 87 87
4 19 83 83
4 20 61 61
5 5 0 0
5 6 31 31
5 7 22 22
5 8 73 73
5 9 41 41
5 10 29 29
5 11 46 46
5 12 35 35
5 13 8 8
5 14 52 52
5 15 51 51
5 16 37 37
5 17 32 32
5 18 51 51
5 19 33 33
5 20 63 63
6 6 0 0
6 7 39 39
6 8 94 94
6 9 14 14
6 10 47 47
6 11 76 76
6 12 65 65
6 13 38 38
6 14 84 84
6 15 74 74
6 16 17 17
6 17 50 50
6 18 29 29
6 19 44 44
6 20 92 92
7 7 0 0
7 8 91 91
7 9 52 52
7 10 9 9
7 11 41 41
7 12 32 32
7 13 18 18
7 14 53 53
7 15 69 69
7 16 52 52
7 17 12 12
7 18 66 66
7 19 55 55
7 20 55 55
8 8 0 0
8 9 94 94
8 10 96 96
8 11 81 81
8 12 76 76
8 13 74 74
8 14 69 69
8 15 22 22
8 16 85 85
8 17 98 98
8 18 90 90
8 19 50 50
8 20 94 94
9 9 0 0
9 10 61 61
9 11 87 87
9 12 77 77
9 13 49 49
9 14 93 93
9 15 77 77
9 16 9 9
9 17 64 64
9 18 16 16
9 19 44 44
9 20 104 104
10 10 0 0
10 11 37 37
10 12 30 30
10 13 24 24
10 14 51 51
10 15 74 74
10 16 60 60
10 17 3 3
10 18 74 74
10 19 62 62
10 20 49 49
11 11 0 0
11 12 11 11
11 13 38 38
11 14 16 16
11 15 61 61
11 16 84 84
11 17 36 36
11 18 97 97
11 19 68 68
11 20 17 17
12 12 0 0
12 13 28 28
12 14 21 21
12 15 56 56
12 16 73 73
12 17 29 29
12 18 86 86
12 19 58 58
12 20 28 28
13 13 0 0
13 14 46 46
13 15 52 52
13 16 45 45
13 17 27 27
13 18 59 59
13 19 38 38
13 20 55 55
14 14 0 0
14 15 52 52
14 16 89 89
14 17 50 50
14 18 101 101
14 19 66 66
14 20 24 24
15 15 0 0
15 16 68 68
15 17 76 76
15 18 75 75
15 19 33 33
15 20 76 76
16 16 0 0
16 17 64 64
16 18 14 14
16 19 36 36
16 20 100 100
17 17 0 0
17 18 77 77
17 19 65 65
17 20 47 47
18 18 0 0
18 19 42 42
18 20 114 114
19 19 0 0
19 20 85 85
20 20 0 0