20
0
100
2
3
6
3
2
8
11
1 1 0 0
1 2 89 89
1 3 51 51
1 4 57 57
1 5 69 69
1 6 19 19
1 7 66 66
1 8 98 98
1 9 39 39
1 10 46 46
1 11 45 45
1 12 74 74
1 13 66 66
1 14 17 17
1 15 69 69
1 16 62 62
1 17 21 21
1 18 67 67
1 19 40 40
1 20 92 92
2 2 0 0
2 3 74 74
2 4 45 45
2 5 24 24
2 6 79 79
2 7 60 60
2 8 15 15
2 9 55 55
2 10 87 87
2 11 47 47
2 12 96 96
2 13 68 68
2 14 102 102
2 15 66 66
2 16 59 59
2 17 105 105
2 18 53 53
2 19 72 72
2 20 9 9
3 3 0 0
3 4 71 71
3 5 67 67
3 6 32 32
3 7 20 20
3 8 88 88
3 9 28 28
3 10 88 88
3 11 35 35
3 12 113 113
3 13 94 94
3 14 69 69
3 15 95 95
3 16 85 85
3 17 72 72
3 18 86 86
3 19 11 11
3 20 81 81
4 4 0 0
4 5 21 21
4 6 57 57
4 7 69 69
4 8 47 47
4 9 43 43
4 10 42 42
4 11 36 36
4 12 54 54
4 13 27 27
4 14 65 65
4 15 27 27
4 16 17 17
4 17 67 67
4 18 15 15
4 19 62 62
4 20 43 43
5 5 0 0
5 6 63 63
5 7 59 59
5 8 29 29
5 9 42 42
5 10 63 63
5 11 33 33
5 12 74 74
5 13 46 46
5 14 81 81
5 15 45 45
5 16 36 36
5 17 83 83
5 18 31 31
5 19 62 62
5 20 23 23
6 6 0 0
6 7 47 47
6 8 90 90
6 9 25 25
6 10 60 60
6 11 33 33
6 12 86 86
6 13 72 72
6 14 37 37
6 15 75 75
6 16 66 66
6 17 40 40
6 18 69 69
6 19 21 21
6 20 84 84
7 7 0 0
7 8 75 75
7 9 32 32
7 10 95 95
7 11 34 34
7 12 117 117
7 13 95 95
7 14 84 84
7 15 95 95
7 16 85 85
7 17 87 87
7 18 84 84
7 19 27 27
7 20 68 68
8 8 0 0
8 9 67 67
8 10 89 89
8 11 58 58
8 12 94 94
8 13 66 66
8 14 110 110
8 15 63 63
8 16 58 58
8 17 112 112
8 18 51 51
8 19 85 85
8 20 7 7
9 9 0 0
9 10 63 63
9 11 9 9
9 12 87 87
9 13 66 66
9 14 56 56
9 15 67 67
9 16 57 57
9 17 59 59
9 18 58 58
9 19 20 20
9 20 60 60
10 10 0 0
10 11 62 62
10 12 28 28
10 13 29 29
10 14 41 41
10 15 33 33
10 16 32 32
10 17 41 41
10 18 40 40
10 19 77 77
10 20 85 85
11 11 0 0
11 12 83 83
11 13 61 61
11 14 61 61
11 15 62 62
11 16 51 51
11 17 64 64
11 18 51 51
11 19 28 28
11 20 52 52
12 12 0 0
12 13 28 28
12 14 68 68
12 15 30 30
12 16 37 37
12 17 67 67
12 18 43 43
12 19 102 102
12 20 91 91
13 13 0 0
13 14 67 67
13 15 4 4
13 16 10 10
13 17 67 67
13 18 15 15
13 19 84 84
13 20 64 64
14 14 0 0
14 15 71 71
14 16 65 65
14 17 3 3
14 18 72 72
14 19 58 58
14 20 104 104
15 15 0 0
15 16 10 10
15 17 71 71
15 18 13 13
15 19 86 86
15 20 61 61
16 16 0 0
16 17 66 66
16 18 8 8
16 19 76 76
16 20 55 55
17 17 0 0
17 18 73 73
17 19 61 61
17 20 106 106
18 18 0 0
18 19 77 77
18 20 48 48
19 19 0 0
19 20 78 78
20 20 0 0