20
5
10
2
7
19
3
8
9
20
1 1 0 0
1 2 1 1
1 3 4 4
1 4 6 6
1 5 4 4
1 6 3 3
1 7 2 2
1 8 24 24
1 9 25 25
1 10 26 26
1 11 22 22
1 12 23 23
1 13 22 22
1 14 22 22
1 15 24 24
1 16 21 21
1 17 26 26
1 18 21 21
1 19 19 19
1 20 25 25
2 2 0 0
2 3 5 5
2 4 7 7
2 5 5 5
2 6 3 3
2 7 3 3
2 8 24 24
2 9 25 25
2 10 26 26
2 11 22 22
2 12 23 23
2 13 23 23
2 14 22 22
2 15 23 23
2 16 21 21
2 17 26 26
2 18 20 20
2 19 18 18
2 20 24 24
3 3 0 0
3 4 2 2
3 5 1 1
3 6 3 3
3 7 2 2
3 8 21 21
3 9 22 22
3 10 23 23
3 11 19 19
3 12 20 20
3 13 19 19
3 14 19 19
3 15 25 25
3 16 23 23
3 17 27 27
3 18 21 21
3 19 20 20
3 20 26 26
4 4 0 0
4 5 1 1
4 6 5 5
4 7 4 4
4 8 21 21
4 9 22 22
4 10 23 23
4 11 19 19
4 12 21 21
4 13 19 19
4 14 19 19
4 15 27 27
4 16 25 25
4 17 29 29
4 18 23 23
4 19 22 22
4 20 28 28
5 5 0 0
5 6 4 4
5 7 3 3
5 8 22 22
5 9 23 23
5 10 24 24
5 11 20 20
5 12 22 22
5 13 20 20
5 14 20 20
5 15 26 26
5 16 24 24
5 17 29 29
5 18 23 23
5 19 21 21
5 20 28 28
6 6 0 0
6 7 1 1
6 8 21 21
6 9 22 22
6 10 23 23
6 11 19 19
6 12 20 20
6 13 19 19
6 14 19 19
6 15 22 22
6 16 20 20
6 17 25 25
6 18 19 19
6 19 17 17
6 20 24 24
7 7 0 0
7 8 22 22
7 9 23 23
7 10 24 24
7 11 20 20
7 12 21 21
7 13 20 20
7 14 20 20
7 15 24 24
7 16 22 22
7 17 26 26
7 18 20 20
7 19 19 19
7 20 25 25
8 8 0 0
8 9 1 1
8 10 2 2
8 11 2 2
8 12 2 2
8 13 4 4
8 14 2 2
8 15 24 24
8 16 24 24
8 17 23 23
8 18 20 20
8 19 20 20
8 20 24 24
9 9 0 0
9 10 1 1
9 11 3 3
9 12 4 4
9 13 4 4
9 14 3 3
9 15 25 25
9 16 26 26
9 17 25 25
9 18 22 22
9 19 21 21
9 20 25 25
10 10 0 0
10 11 4 4
10 12 4 4
10 13 5 5
10 14 4 4
10 15 25 25
10 16 26 26
10 17 24 24
10 18 21 21
10 19 21 21
10 20 25 25
11 11 0 0
11 12 3 3
11 13 2 2
11 14 1 1
11 15 24 24
11 16 24 24
11 17 24 24
11 18 20 20
11 19 20 20
11 20 24 24
12 12 0 0
12 13 5 5
12 14 2 2
12 15 21 21
12 16 22 22
12 17 21 21
12 18 18 18
12 19 18 18
12 20 22 22
13 13 0 0
13 14 3 3
13 15 26 26
13 16 26 26
13 17 26 26
13 18 22 22
13 19 21 21
13 20 26 26
14 14 0 0
14 15 23 23
14 16 23 23
14 17 23 23
14 18 19 19
14 19 19 19
14 20 23 23
15 15 0 0
15 16 3 3
15 17 3 3
15 18 4 4
15 19 5 5
15 20 1 1
16 16 0 0
16 17 6 6
16 18 4 4
16 19 4 4
16 20 4 4
17 17 0 0
17 18 6 6
17 19 7 7
17 20 2 2
18 18 0 0
18 19 1 1
18 20 5 5
19 19 0 0
19 20 6 6
20 20 0 0
