20
5
10
2
6
18
3
2
7
15
1 1 0 0
1 2 3 3
1 3 3 3
1 4 1 1
1 5 3 3
1 6 3 3
1 7 2 2
1 8 22 22
1 9 19 19
1 10 19 19
1 11 21 21
1 12 23 23
1 13 23 23
1 14 21 21
1 15 21 21
1 16 27 27
1 17 23 23
1 18 20 20
1 19 27 27
1 20 20 20
2 2 0 0
2 3 6 6
2 4 2 2
2 5 0 0
2 6 1 1
2 7 1 1
2 8 22 22
2 9 19 19
2 10 19 19
2 11 21 21
2 12 23 23
2 13 24 24
2 14 21 21
2 15 24 24
2 16 29 29
2 17 26 26
2 18 22 22
2 19 30 30
2 20 22 22
3 3 0 0
3 4 4 4
3 5 6 6
3 6 6 6
3 7 5 5
3 8 22 22
3 9 19 19
3 10 20 20
3 11 21 21
3 12 23 23
3 13 23 23
3 14 21 21
3 15 18 18
3 16 24 24
3 17 21 21
3 18 17 17
3 19 25 25
3 20 17 17
4 4 0 0
4 5 2 2
4 6 3 3
4 7 2 2
4 8 23 23
4 9 20 20
4 10 20 20
4 11 22 22
4 12 24 24
4 13 24 24
4 14 22 22
4 15 22 22
4 16 28 28
4 17 25 25
4 18 21 21
4 19 29 29
4 20 21 21
5 5 0 0
5 6 1 1
5 7 1 1
5 8 22 22
5 9 19 19
5 10 19 19
5 11 21 21
5 12 23 23
5 13 24 24
5 14 21 21
5 15 24 24
5 16 29 29
5 17 26 26
5 18 22 22
5 19 30 30
5 20 22 22
6 6 0 0
6 7 1 1
6 8 21 21
6 9 18 18
6 10 18 18
6 11 20 20
6 12 22 22
6 13 23 23
6 14 20 20
6 15 23 23
6 16 29 29
6 17 25 25
6 18 22 22
6 19 30 30
6 20 22 22
7 7 0 0
7 8 21 21
7 9 18 18
7 10 18 18
7 11 20 20
7 12 22 22
7 13 23 23
7 14 20 20
7 15 22 22
7 16 28 28
7 17 24 24
7 18 21 21
7 19 29 29
7 20 21 21
8 8 0 0
8 9 3 3
8 10 4 4
8 11 1 1
8 12 1 1
8 13 3 3
8 14 1 1
8 15 23 23
8 16 23 23
8 17 19 19
8 18 21 21
8 19 24 24
8 20 21 21
9 9 0 0
9 10 4 4
9 11 3 3
9 12 4 4
9 13 4 4
9 14 3 3
9 15 21 21
9 16 21 21
9 17 17 17
9 18 18 18
9 19 22 22
9 20 18 18
10 10 0 0
10 11 3 3
10 12 5 5
10 13 7 7
10 14 3 3
10 15 24 24
10 16 25 25
10 17 21 21
10 18 22 22
10 19 26 26
10 20 22 22
11 11 0 0
11 12 2 2
11 13 4 4
11 14 0 0
11 15 23 23
11 16 24 24
11 17 20 20
11 18 21 21
11 19 25 25
11 20 21 21
12 12 0 0
12 13 3 3
12 14 2 2
12 15 24 24
12 16 23 23
12 17 20 20
12 18 21 21
12 19 24 24
12 20 21 21
13 13 0 0
13 14 4 4
13 15 21 21
13 16 21 21
13 17 17 17
13 18 19 19
13 19 22 22
13 20 19 19
14 14 0 0
14 15 23 23
14 16 24 24
14 17 20 20
14 18 21 21
14 19 25 25
14 20 21 21
15 15 0 0
15 16 7 7
15 17 6 6
15 18 2 2
15 19 7 7
15 20 2 2
16 16 0 0
16 17 4 4
16 18 7 7
16 19 1 1
16 20 7 7
17 17 0 0
17 18 5 5
17 19 5 5
17 20 5 5
18 18 0 0
18 19 8 8
18 20 0 0
19 19 0 0
19 20 8 8
20 20 0 0
