20
5
10
2
6
7
3
2
4
15
1 1 0 0
1 2 3 3
1 3 4 4
1 4 5 5
1 5 3 3
1 6 3 3
1 7 2 2
1 8 24 24
1 9 23 23
1 10 24 24
1 11 23 23
1 12 22 22
1 13 23 23
1 14 25 25
1 15 25 25
1 16 21 21
1 17 23 23
1 18 24 24
1 19 23 23
1 20 23 23
2 2 0 0
2 3 5 5
2 4 2 2
2 5 3 3
2 6 5 5
2 7 1 1
2 8 23 23
2 9 22 22
2 10 23 23
2 11 22 22
2 12 21 21
2 13 22 22
2 14 24 24
2 15 27 27
2 16 23 23
2 17 25 25
2 18 26 26
2 19 26 26
2 20 25 25
3 3 0 0
3 4 6 6
3 5 3 3
3 6 1 1
3 7 5 5
3 8 22 22
3 9 20 20
3 10 22 22
3 11 21 21
3 12 19 19
3 13 21 21
3 14 22 22
3 15 21 21
3 16 18 18
3 17 20 20
3 18 21 21
3 19 20 20
3 20 20 20
4 4 0 0
4 5 3 3
4 6 6 6
4 7 4 4
4 8 21 21
4 9 21 21
4 10 21 21
4 11 20 20
4 12 20 20
4 13 20 20
4 14 23 23
4 15 27 27
4 16 23 23
4 17 25 25
4 18 26 26
4 19 26 26
4 20 26 26
5 5 0 0
5 6 3 3
5 7 3 3
5 8 21 21
5 9 20 20
5 10 21 21
5 11 20 20
5 12 19 19
5 13 20 20
5 14 22 22
5 15 24 24
5 16 21 21
5 17 22 22
5 18 24 24
5 19 23 23
5 20 23 23
6 6 0 0
6 7 4 4
6 8 23 23
6 9 21 21
6 10 23 23
6 11 22 22
6 12 20 20
6 13 22 22
6 14 23 23
6 15 22 22
6 16 19 19
6 17 20 20
6 18 22 22
6 19 21 21
6 20 21 21
7 7 0 0
7 8 24 24
7 9 23 23
7 10 24 24
7 11 23 23
7 12 22 22
7 13 23 23
7 14 25 25
7 15 26 26
7 16 23 23
7 17 25 25
7 18 26 26
7 19 25 25
7 20 25 25
8 8 0 0
8 9 4 4
8 10 1 1
8 11 1 1
8 12 4 4
8 13 1 1
8 14 4 4
8 15 26 26
8 16 23 23
8 17 25 25
8 18 25 25
8 19 28 28
8 20 26 26
9 9 0 0
9 10 5 5
9 11 5 5
9 12 1 1
9 13 4 4
9 14 2 2
9 15 22 22
9 16 19 19
9 17 21 21
9 18 21 21
9 19 24 24
9 20 22 22
10 10 0 0
10 11 1 1
10 12 5 5
10 13 1 1
10 14 5 5
10 15 27 27
10 16 24 24
10 17 25 25
10 18 26 26
10 19 29 29
10 20 27 27
11 11 0 0
11 12 5 5
11 13 1 1
11 14 5 5
11 15 27 27
11 16 23 23
11 17 25 25
11 18 26 26
11 19 28 28
11 20 26 26
12 12 0 0
12 13 4 4
12 14 3 3
12 15 22 22
12 16 18 18
12 17 20 20
12 18 21 21
12 19 23 23
12 20 21 21
13 13 0 0
13 14 4 4
13 15 26 26
13 16 22 22
13 17 24 24
13 18 25 25
13 19 27 27
13 20 25 25
14 14 0 0
14 15 23 23
14 16 20 20
14 17 22 22
14 18 22 22
14 19 25 25
14 20 23 23
15 15 0 0
15 16 4 4
15 17 2 2
15 18 1 1
15 19 3 3
15 20 1 1
16 16 0 0
16 17 2 2
16 18 3 3
16 19 5 5
16 20 3 3
17 17 0 0
17 18 1 1
17 19 4 4
17 20 1 1
18 18 0 0
18 19 4 4
18 20 2 2
19 19 0 0
19 20 2 2
20 20 0 0
