20
5
10
2
19
20
3
3
9
14
1 1 0 0
1 2 3 3
1 3 0 0
1 4 5 5
1 5 4 4
1 6 1 1
1 7 1 1
1 8 16 16
1 9 20 20
1 10 17 17
1 11 15 15
1 12 17 17
1 13 19 19
1 14 16 16
1 15 17 17
1 16 17 17
1 17 21 21
1 18 22 22
1 19 19 19
1 20 21 21
2 2 0 0
2 3 3 3
2 4 5 5
2 5 3 3
2 6 2 2
2 7 4 4
2 8 19 19
2 9 23 23
2 10 20 20
2 11 18 18
2 12 20 20
2 13 22 22
2 14 19 19
2 15 18 18
2 16 19 19
2 17 22 22
2 18 23 23
2 19 21 21
2 20 22 22
3 3 0 0
3 4 5 5
3 5 4 4
3 6 1 1
3 7 1 1
3 8 16 16
3 9 20 20
3 10 17 17
3 11 15 15
3 12 17 17
3 13 19 19
3 14 16 16
3 15 17 17
3 16 17 17
3 17 21 21
3 18 22 22
3 19 19 19
3 20 21 21
4 4 0 0
4 5 2 2
4 6 4 4
4 7 5 5
4 8 17 17
4 9 20 20
4 10 18 18
4 11 16 16
4 12 17 17
4 13 19 19
4 14 17 17
4 15 22 22
4 16 22 22
4 17 26 26
4 18 27 27
4 19 24 24
4 20 26 26
5 5 0 0
5 6 2 2
5 7 4 4
5 8 18 18
5 9 21 21
5 10 19 19
5 11 17 17
5 12 18 18
5 13 20 20
5 14 18 18
5 15 20 20
5 16 21 21
5 17 24 24
5 18 25 25
5 19 23 23
5 20 25 25
6 6 0 0
6 7 2 2
6 8 17 17
6 9 21 21
6 10 18 18
6 11 16 16
6 12 18 18
6 13 19 19
6 14 17 17
6 15 18 18
6 16 19 19
6 17 22 22
6 18 23 23
6 19 21 21
6 20 22 22
7 7 0 0
7 8 15 15
7 9 19 19
7 10 16 16
7 11 14 14
7 12 16 16
7 13 18 18
7 14 15 15
7 15 16 16
7 16 17 17
7 17 21 21
7 18 21 21
7 19 19 19
7 20 21 21
8 8 0 0
8 9 5 5
8 10 1 1
8 11 1 1
8 12 4 4
8 13 4 4
8 14 1 1
8 15 21 21
8 16 20 20
8 17 24 24
8 18 23 23
8 19 19 19
8 20 24 24
9 9 0 0
9 10 4 4
9 11 6 6
9 12 3 3
9 13 1 1
9 14 6 6
9 15 26 26
9 16 25 25
9 17 29 29
9 18 28 28
9 19 23 23
9 20 29 29
10 10 0 0
10 11 3 3
10 12 3 3
10 13 2 2
10 14 2 2
10 15 22 22
10 16 21 21
10 17 25 25
10 18 25 25
10 19 20 20
10 20 25 25
11 11 0 0
11 12 5 5
11 13 5 5
11 14 1 1
11 15 20 20
11 16 19 19
11 17 23 23
11 18 22 22
11 19 17 17
11 20 22 22
12 12 0 0
12 13 2 2
12 14 5 5
12 15 25 25
12 16 24 24
12 17 28 28
12 18 27 27
12 19 23 23
12 20 28 28
13 13 0 0
13 14 4 4
13 15 25 25
13 16 24 24
13 17 28 28
13 18 27 27
13 19 22 22
13 20 27 27
14 14 0 0
14 15 20 20
14 16 19 19
14 17 23 23
14 18 22 22
14 19 18 18
14 20 23 23
15 15 0 0
15 16 2 2
15 17 4 4
15 18 5 5
15 19 6 6
15 20 4 4
16 16 0 0
16 17 4 4
16 18 4 4
16 19 4 4
16 20 4 4
17 17 0 0
17 18 2 2
17 19 6 6
17 20 1 1
18 18 0 0
18 19 5 5
18 20 1 1
19 19 0 0
19 20 6 6
20 20 0 0
