40
5
15
4
7
18
21
40
6
3
12
15
17
25
29
1 1 0 0
1 2 9 9
1 3 13 13
1 4 13 13
1 5 11 11
1 6 7 7
1 7 8 8
1 8 11 11
1 9 17 17
1 10 18 18
1 11 8 8
1 12 1 1
1 13 3 3
1 14 12 12
1 15 37 37
1 16 36 36
1 17 35 35
1 18 47 47
1 19 50 50
1 20 41 41
1 21 41 41
1 22 43 43
1 23 37 37
1 24 34 34
1 25 52 52
1 26 37 37
1 27 39 39
1 28 51 51
1 29 41 41
1 30 50 50
1 31 38 38
1 32 42 42
1 33 42 42
1 34 35 35
1 35 48 48
1 36 53 53
1 37 35 35
1 38 33 33
1 39 52 52
1 40 33 33
2 2 0 0
2 3 9 9
2 4 13 13
2 5 15 15
2 6 3 3
2 7 13 13
2 8 9 9
2 9 11 11
2 10 12 12
2 11 9 9
2 12 9 9
2 13 9 9
2 14 3 3
2 15 46 46
2 16 45 45
2 17 45 45
2 18 56 56
2 19 59 59
2 20 51 51
2 21 50 50
2 22 52 52
2 23 46 46
2 24 43 43
2 25 61 61
2 26 47 47
2 27 48 48
2 28 57 57
2 29 46 46
2 30 57 57
2 31 43 43
2 32 47 47
2 33 47 47
2 34 41 41
2 35 52 52
2 36 59 59
2 37 40 40
2 38 38 38
2 39 59 59
2 40 39 39
3 3 0 0
3 4 8 8
3 5 11 11
3 6 8 8
3 7 11 11
3 8 3 3
3 9 4 4
3 10 5 5
3 11 6 6
3 12 14 14
3 13 15 15
3 14 10 10
3 15 49 49
3 16 47 47
3 17 46 46
3 18 59 59
3 19 63 63
3 20 53 53
3 21 53 53
3 22 55 55
3 23 48 48
3 24 47 47
3 25 63 63
3 26 49 49
3 27 50 50
3 28 52 52
3 29 40 40
3 30 53 53
3 31 38 38
3 32 41 41
3 33 41 41
3 34 38 38
3 35 46 46
3 36 55 55
3 37 35 35
3 38 33 33
3 39 54 54
3 40 34 34
4 4 0 0
4 5 4 4
4 6 11 11
4 7 6 6
4 8 5 5
4 9 11 11
4 10 12 12
4 11 5 5
4 12 13 13
4 13 15 15
4 14 16 16
4 15 44 44
4 16 41 41
4 17 40 40
4 18 54 54
4 19 58 58
4 20 47 47
4 21 49 49
4 22 50 50
4 23 42 42
4 24 42 42
4 25 57 57
4 26 43 43
4 27 44 44
4 28 44 44
4 29 33 33
4 30 45 45
4 31 30 30
4 32 34 34
4 33 34 34
4 34 30 30
4 35 39 39
4 36 47 47
4 37 28 28
4 38 26 26
4 39 46 46
4 40 26 26
5 5 0 0
5 6 12 12
5 7 3 3
5 8 8 8
5 9 15 15
5 10 16 16
5 11 6 6
5 12 12 12
5 13 14 14
5 14 17 17
5 15 40 40
5 16 37 37
5 17 36 36
5 18 50 50
5 19 54 54
5 20 43 43
5 21 45 45
5 22 47 47
5 23 38 38
5 24 38 38
5 25 53 53
5 26 39 39
5 27 40 40
5 28 42 42
5 29 31 31
5 30 43 43
5 31 28 28
5 32 32 32
5 33 32 32
5 34 27 27
5 35 37 37
5 36 45 45
5 37 26 26
5 38 23 23
5 39 44 44
5 40 24 24
6 6 0 0
6 7 10 10
6 8 7 7
6 9 11 11
6 10 12 12
6 11 6 6
6 12 7 7
6 13 8 8
6 14 6 6
6 15 44 44
6 16 43 43
6 17 42 42
6 18 54 54
6 19 57 57
6 20 48 48
6 21 48 48
6 22 50 50
6 23 44 44
6 24 41 41
6 25 59 59
6 26 44 44
6 27 46 46
6 28 54 54
6 29 43 43
6 30 54 54
6 31 40 40
6 32 44 44
6 33 44 44
6 34 39 39
6 35 49 49
6 36 57 57
6 37 38 38
6 38 35 35
6 39 56 56
6 40 36 36
7 7 0 0
7 8 8 8
7 9 15 15
7 10 16 16
7 11 5 5
7 12 9 9
7 13 11 11
7 14 16 16
7 15 38 38
7 16 36 36
7 17 35 35
7 18 48 48
7 19 52 52
7 20 42 42
7 21 43 43
7 22 45 45
7 23 37 37
7 24 36 36
7 25 52 52
7 26 38 38
7 27 39 39
7 28 44 44
7 29 34 34
7 30 44 44
7 31 30 30
7 32 35 35
7 33 34 34
7 34 29 29
7 35 40 40
7 36 47 47
7 37 28 28
7 38 25 25
7 39 46 46
7 40 26 26
8 8 0 0
8 9 7 7
8 10 8 8
8 11 3 3
8 12 12 12
8 13 13 13
8 14 11 11
8 15 46 46
8 16 44 44
8 17 43 43
8 18 56 56
8 19 60 60
8 20 50 50
8 21 51 51
8 22 53 53
8 23 45 45
8 24 44 44
8 25 60 60
8 26 46 46
8 27 47 47
8 28 49 49
8 29 38 38
8 30 50 50
8 31 35 35
8 32 39 39
8 33 38 38
8 34 35 35
8 35 43 43
8 36 52 52
8 37 33 33
8 38 31 31
8 39 51 51
8 40 31 31
9 9 0 0
9 10 1 1
9 11 10 10
9 12 17 17
9 13 18 18
9 14 11 11
9 15 53 53
9 16 51 51
9 17 50 50
9 18 63 63
9 19 67 67
9 20 57 57
9 21 57 57
9 22 59 59
9 23 52 52
9 24 51 51
9 25 67 67
9 26 53 53
9 27 54 54
9 28 54 54
9 29 42 42
9 30 56 56
9 31 40 40
9 32 44 44
9 33 43 43
9 34 41 41
9 35 48 48
9 36 58 58
9 37 38 38
9 38 36 36
9 39 57 57
9 40 37 37
10 10 0 0
10 11 11 11
10 12 19 19
10 13 20 20
10 14 13 13
10 15 54 54
10 16 52 52
10 17 51 51
10 18 64 64
10 19 68 68
10 20 58 58
10 21 59 59
10 22 61 61
10 23 53 53
10 24 52 52
10 25 68 68
10 26 54 54
10 27 55 55
10 28 54 54
10 29 42 42
10 30 56 56
10 31 40 40
10 32 43 43
10 33 43 43
10 34 41 41
10 35 47 47
10 36 58 58
10 37 38 38
10 38 36 36
10 39 57 57
10 40 37 37
11 11 0 0
11 12 9 9
11 13 11 11
11 14 11 11
11 15 43 43
11 16 41 41
11 17 40 40
11 18 53 53
11 19 57 57
11 20 47 47
11 21 48 48
11 22 49 49
11 23 42 42
11 24 41 41
11 25 57 57
11 26 43 43
11 27 44 44
11 28 48 48
11 29 37 37
11 30 49 49
11 31 34 34
11 32 38 38
11 33 38 38
11 34 33 33
11 35 43 43
11 36 51 51
11 37 32 32
11 38 30 30
11 39 50 50
11 40 30 30
12 12 0 0
12 13 2 2
12 14 11 11
12 15 37 37
12 16 36 36
12 17 36 36
12 18 47 47
12 19 50 50
12 20 42 42
12 21 41 41
12 22 43 43
12 23 37 37
12 24 34 34
12 25 52 52
12 26 38 38
12 27 39 39
12 28 51 51
12 29 42 42
12 30 51 51
12 31 39 39
12 32 43 43
12 33 43 43
12 34 36 36
12 35 49 49
12 36 54 54
12 37 36 36
12 38 34 34
12 39 53 53
12 40 34 34
13 13 0 0
13 14 11 11
13 15 37 37
13 16 37 37
13 17 36 36
13 18 47 47
13 19 50 50
13 20 42 42
13 21 41 41
13 22 43 43
13 23 38 38
13 24 34 34
13 25 53 53
13 26 38 38
13 27 39 39
13 28 53 53
13 29 44 44
13 30 53 53
13 31 41 41
13 32 45 45
13 33 45 45
13 34 38 38
13 35 51 51
13 36 55 55
13 37 38 38
13 38 35 35
13 39 55 55
13 40 36 36
14 14 0 0
14 15 48 48
14 16 48 48
14 17 47 47
14 18 58 58
14 19 61 61
14 20 53 53
14 21 52 52
14 22 54 54
14 23 49 49
14 24 45 45
14 25 64 64
14 26 49 49
14 27 50 50
14 28 59 59
14 29 48 48
14 30 60 60
14 31 46 46
14 32 50 50
14 33 49 49
14 34 44 44
14 35 54 54
14 36 62 62
14 37 43 43
14 38 41 41
14 39 61 61
14 40 41 41
15 15 0 0
15 16 6 6
15 17 9 9
15 18 10 10
15 19 14 14
15 20 6 6
15 21 5 5
15 22 7 7
15 23 6 6
15 24 5 5
15 25 17 17
15 26 4 4
15 27 5 5
15 28 47 47
15 29 47 47
15 30 42 42
15 31 43 43
15 32 47 47
15 33 48 48
15 34 36 36
15 35 54 54
15 36 45 45
15 37 40 40
15 38 40 40
15 39 47 47
15 40 39 39
16 16 0 0
16 17 2 2
16 18 13 13
16 19 19 19
16 20 6 6
16 21 11 11
16 22 12 12
16 23 1 1
16 24 10 10
16 25 16 16
16 26 3 3
16 27 3 3
16 28 40 40
16 29 41 41
16 30 36 36
16 31 37 37
16 32 41 41
16 33 42 42
16 34 30 30
16 35 47 47
16 36 39 39
16 37 35 35
16 38 34 34
16 39 41 41
16 40 33 33
17 17 0 0
17 18 15 15
17 19 21 21
17 20 8 8
17 21 13 13
17 22 14 14
17 23 3 3
17 24 12 12
17 25 17 17
17 26 5 5
17 27 5 5
17 28 38 38
17 29 39 39
17 30 34 34
17 31 35 35
17 32 39 39
17 33 40 40
17 34 28 28
17 35 45 45
17 36 37 37
17 37 33 33
17 38 32 32
17 39 39 39
17 40 31 31
18 18 0 0
18 19 8 8
18 20 7 7
18 21 7 7
18 22 6 6
18 23 12 12
18 24 14 14
18 25 9 9
18 26 10 10
18 27 10 10
18 28 50 50
18 29 53 53
18 30 45 45
18 31 49 49
18 32 53 53
18 33 54 54
18 34 42 42
18 35 59 59
18 36 48 48
18 37 47 47
18 38 46 46
18 39 50 50
18 40 46 46
19 19 0 0
19 20 13 13
19 21 9 9
19 22 8 8
19 23 18 18
19 24 16 16
19 25 15 15
19 26 16 16
19 27 16 16
19 28 58 58
19 29 60 60
19 30 53 53
19 31 56 56
19 32 60 60
19 33 61 61
19 34 49 49
19 35 66 66
19 36 55 55
19 37 54 54
19 38 53 53
19 39 58 58
19 40 52 52
20 20 0 0
20 21 7 7
20 22 7 7
20 23 5 5
20 24 11 11
20 25 11 11
20 26 4 4
20 27 3 3
20 28 45 45
20 29 47 47
20 30 40 40
20 31 42 42
20 32 47 47
20 33 47 47
20 34 35 35
20 35 53 53
20 36 43 43
20 37 40 40
20 38 40 40
20 39 45 45
20 40 39 39
21 21 0 0
21 22 2 2
21 23 10 10
21 24 7 7
21 25 16 16
21 26 8 8
21 27 9 9
21 28 51 51
21 29 52 52
21 30 46 46
21 31 48 48
21 32 52 52
21 33 53 53
21 34 41 41
21 35 58 58
21 36 49 49
21 37 45 45
21 38 45 45
21 39 51 51
21 40 44 44
22 22 0 0
22 23 11 11
22 24 9 9
22 25 14 14
22 26 9 9
22 27 9 9
22 28 52 52
22 29 53 53
22 30 47 47
22 31 49 49
22 32 53 53
22 33 54 54
22 34 42 42
22 35 59 59
22 36 50 50
22 37 47 47
22 38 46 46
22 39 52 52
22 40 45 45
23 23 0 0
23 24 10 10
23 25 15 15
23 26 2 2
23 27 2 2
23 28 41 41
23 29 42 42
23 30 36 36
23 31 38 38
23 32 42 42
23 33 43 43
23 34 30 30
23 35 48 48
23 36 39 39
23 37 35 35
23 38 35 35
23 39 41 41
23 40 34 34
24 24 0 0
24 25 21 21
24 26 9 9
24 27 10 10
24 28 50 50
24 29 49 49
24 30 46 46
24 31 44 44
24 32 49 49
24 33 50 50
24 34 38 38
24 35 55 55
24 36 49 49
24 37 42 42
24 38 41 41
24 39 50 50
24 40 40 40
25 25 0 0
25 26 15 15
25 27 14 14
25 28 46 46
25 29 51 51
25 30 41 41
25 31 47 47
25 32 51 51
25 33 52 52
25 34 40 40
25 35 56 56
25 36 43 43
25 37 46 46
25 38 46 46
25 39 46 46
25 40 45 45
26 26 0 0
26 27 1 1
26 28 43 43
26 29 44 44
26 30 39 39
26 31 40 40
26 32 44 44
26 33 45 45
26 34 33 33
26 35 50 50
26 36 41 41
26 37 37 37
26 38 37 37
26 39 43 43
26 40 36 36
27 27 0 0
27 28 43 43
27 29 44 44
27 30 38 38
27 31 40 40
27 32 44 44
27 33 45 45
27 34 33 33
27 35 50 50
27 36 41 41
27 37 37 37
27 38 37 37
27 39 43 43
27 40 36 36
28 28 0 0
28 29 13 13
28 30 6 6
28 31 14 14
28 32 12 12
28 33 13 13
28 34 16 16
28 35 13 13
28 36 5 5
28 37 16 16
28 38 19 19
28 39 2 2
28 40 18 18
29 29 0 0
29 30 17 17
29 31 4 4
29 32 1 1
29 33 1 1
29 34 11 11
29 35 7 7
29 36 18 18
29 37 7 7
29 38 9 9
29 39 16 16
29 40 9 9
30 30 0 0
30 31 17 17
30 32 16 16
30 33 17 17
30 34 16 16
30 35 18 18
30 36 3 3
30 37 18 18
30 38 20 20
30 39 5 5
30 40 19 19
31 31 0 0
31 32 5 5
31 33 5 5
31 34 7 7
31 35 11 11
31 36 18 18
31 37 3 3
31 38 5 5
31 39 16 16
31 40 5 5
32 32 0 0
32 33 1 1
32 34 12 12
32 35 6 6
32 36 17 17
32 37 8 8
32 38 10 10
32 39 14 14
32 40 10 10
33 33 0 0
33 34 12 12
33 35 6 6
33 36 18 18
33 37 8 8
33 38 10 10
33 39 15 15
33 40 10 10
34 34 0 0
34 35 18 18
34 36 18 18
34 37 5 5
34 38 6 6
34 39 17 17
34 40 5 5
35 35 0 0
35 36 18 18
35 37 14 14
35 38 16 16
35 39 15 15
35 40 16 16
36 36 0 0
36 37 20 20
36 38 22 22
36 39 3 3
36 40 21 21
37 37 0 0
37 38 2 2
37 39 18 18
37 40 2 2
38 38 0 0
38 39 21 21
38 40 1 1
39 39 0 0
39 40 20 20
40 40 0 0
