40
5
15
4
23
31
35
37
6
4
7
11
16
23
37
1 1 0 0
1 2 14 14
1 3 11 11
1 4 15 15
1 5 15 15
1 6 19 19
1 7 17 17
1 8 11 11
1 9 18 18
1 10 8 8
1 11 17 17
1 12 16 16
1 13 20 20
1 14 23 23
1 15 49 49
1 16 61 61
1 17 61 61
1 18 54 54
1 19 53 53
1 20 52 52
1 21 59 59
1 22 50 50
1 23 65 65
1 24 63 63
1 25 63 63
1 26 54 54
1 27 64 64
1 28 46 46
1 29 44 44
1 30 63 63
1 31 61 61
1 32 48 48
1 33 58 58
1 34 56 56
1 35 48 48
1 36 48 48
1 37 52 52
1 38 54 54
1 39 62 62
1 40 59 59
2 2 0 0
2 3 7 7
2 4 8 8
2 5 4 4
2 6 9 9
2 7 16 16
2 8 3 3
2 9 6 6
2 10 10 10
2 11 11 11
2 12 13 13
2 13 7 7
2 14 10 10
2 15 41 41
2 16 53 53
2 17 51 51
2 18 43 43
2 19 43 43
2 20 42 42
2 21 50 50
2 22 41 41
2 23 55 55
2 24 54 54
2 25 55 55
2 26 47 47
2 27 54 54
2 28 32 32
2 29 31 31
2 30 49 49
2 31 47 47
2 32 35 35
2 33 45 45
2 34 43 43
2 35 34 34
2 36 35 35
2 37 38 38
2 38 41 41
2 39 48 48
2 40 45 45
3 3 0 0
3 4 14 14
3 5 5 5
3 6 16 16
3 7 21 21
3 8 5 5
3 9 13 13
3 10 12 12
3 11 6 6
3 12 18 18
3 13 12 12
3 14 17 17
3 15 48 48
3 16 60 60
3 17 58 58
3 18 50 50
3 19 50 50
3 20 49 49
3 21 57 57
3 22 48 48
3 23 62 62
3 24 61 61
3 25 62 62
3 26 53 53
3 27 61 61
3 28 37 37
3 29 35 35
3 30 55 55
3 31 53 53
3 32 39 39
3 33 49 49
3 34 46 46
3 35 38 38
3 36 40 40
3 37 43 43
3 38 46 46
3 39 52 52
3 40 51 51
4 4 0 0
4 5 13 13
4 6 4 4
4 7 8 8
4 8 9 9
4 9 6 6
4 10 7 7
4 11 19 19
4 12 4 4
4 13 12 12
4 14 11 11
4 15 35 35
4 16 47 47
4 17 46 46
4 18 39 39
4 19 38 38
4 20 38 38
4 21 44 44
4 22 35 35
4 23 50 50
4 24 48 48
4 25 49 49
4 26 40 40
4 27 49 49
4 28 35 35
4 29 33 33
4 30 50 50
4 31 48 48
4 32 37 37
4 33 47 47
4 34 47 47
4 35 37 37
4 36 36 36
4 37 41 41
4 38 40 40
4 39 50 50
4 40 46 46
5 5 0 0
5 6 13 13
5 7 20 20
5 8 5 5
5 9 9 9
5 10 13 13
5 11 7 7
5 12 17 17
5 13 7 7
5 14 12 12
5 15 45 45
5 16 57 57
5 17 54 54
5 18 46 46
5 19 46 46
5 20 45 45
5 21 53 53
5 22 44 44
5 23 58 58
5 24 57 57
5 25 59 59
5 26 50 50
5 27 57 57
5 28 32 32
5 29 30 30
5 30 50 50
5 31 48 48
5 32 34 34
5 33 45 45
5 34 42 42
5 35 33 33
5 36 35 35
5 37 38 38
5 38 41 41
5 39 48 48
5 40 46 46
6 6 0 0
6 7 10 10
6 8 11 11
6 9 4 4
6 10 11 11
6 11 20 20
6 12 7 7
6 13 11 11
6 14 8 8
6 15 32 32
6 16 44 44
6 17 42 42
6 18 35 35
6 19 35 35
6 20 34 34
6 21 41 41
6 22 32 32
6 23 46 46
6 24 45 45
6 25 46 46
6 26 37 37
6 27 46 46
6 28 31 31
6 29 29 29
6 30 46 46
6 31 44 44
6 32 34 34
6 33 42 42
6 34 43 43
6 35 33 33
6 36 32 32
6 37 37 37
6 38 36 36
6 39 46 46
6 40 41 41
7 7 0 0
7 8 16 16
7 9 13 13
7 10 9 9
7 11 26 26
7 12 3 3
7 13 20 20
7 14 18 18
7 15 33 33
7 16 45 45
7 17 45 45
7 18 39 39
7 19 38 38
7 20 38 38
7 21 42 42
7 22 34 34
7 23 49 49
7 24 46 46
7 25 47 47
7 26 37 37
7 27 48 48
7 28 40 40
7 29 38 38
7 30 55 55
7 31 52 52
7 32 43 43
7 33 52 52
7 34 53 53
7 35 43 43
7 36 41 41
7 37 47 47
7 38 44 44
7 39 55 55
7 40 50 50
8 8 0 0
8 9 8 8
8 10 8 8
8 11 11 11
8 12 13 13
8 13 9 9
8 14 13 13
8 15 43 43
8 16 55 55
8 17 53 53
8 18 46 46
8 19 45 45
8 20 45 45
8 21 52 52
8 22 43 43
8 23 57 57
8 24 56 56
8 25 57 57
8 26 48 48
8 27 56 56
8 28 35 35
8 29 33 33
8 30 52 52
8 31 50 50
8 32 37 37
8 33 48 48
8 34 46 46
8 35 37 37
8 36 37 37
8 37 41 41
8 38 43 43
8 39 51 51
8 40 48 48
9 9 0 0
9 10 12 12
9 11 16 16
9 12 10 10
9 13 7 7
9 14 6 6
9 15 36 36
9 16 47 47
9 17 45 45
9 18 37 37
9 19 37 37
9 20 36 36
9 21 44 44
9 22 35 35
9 23 49 49
9 24 48 48
9 25 49 49
9 26 41 41
9 27 48 48
9 28 29 29
9 29 27 27
9 30 45 45
9 31 43 43
9 32 32 32
9 33 41 41
9 34 41 41
9 35 31 31
9 36 31 31
9 37 35 35
9 38 36 36
9 39 45 45
9 40 41 41
10 10 0 0
10 11 18 18
10 12 8 8
10 13 16 16
10 14 17 17
10 15 41 41
10 16 53 53
10 17 53 53
10 18 46 46
10 19 45 45
10 20 45 45
10 21 51 51
10 22 42 42
10 23 57 57
10 24 54 54
10 25 55 55
10 26 46 46
10 27 56 56
10 28 41 41
10 29 39 39
10 30 57 57
10 31 55 55
10 32 43 43
10 33 53 53
10 34 52 52
10 35 43 43
10 36 42 42
10 37 47 47
10 38 47 47
10 39 56 56
10 40 52 52
11 11 0 0
11 12 23 23
11 13 12 12
11 14 18 18
11 15 51 51
11 16 63 63
11 17 60 60
11 18 52 52
11 19 52 52
11 20 51 51
11 21 60 60
11 22 51 51
11 23 64 64
11 24 64 64
11 25 65 65
11 26 57 57
11 27 63 63
11 28 34 34
11 29 33 33
11 30 53 53
11 31 51 51
11 32 36 36
11 33 47 47
11 34 43 43
11 35 35 35
11 36 38 38
11 37 40 40
11 38 45 45
11 39 50 50
11 40 49 49
12 12 0 0
12 13 17 17
12 14 15 15
12 15 33 33
12 16 45 45
12 17 45 45
12 18 38 38
12 19 38 38
12 20 37 37
12 21 43 43
12 22 34 34
12 23 49 49
12 24 47 47
12 25 47 47
12 26 38 38
12 27 48 48
12 28 38 38
12 29 36 36
12 30 52 52
12 31 50 50
12 32 41 41
12 33 49 49
12 34 50 50
12 35 40 40
12 36 38 38
12 37 44 44
12 38 42 42
12 39 53 53
12 40 48 48
13 13 0 0
13 14 6 6
13 15 40 40
13 16 51 51
13 17 48 48
13 18 40 40
13 19 40 40
13 20 39 39
13 21 48 48
13 22 39 39
13 23 52 52
13 24 52 52
13 25 53 53
13 26 45 45
13 27 51 51
13 28 26 26
13 29 24 24
13 30 43 43
13 31 41 41
13 32 28 28
13 33 38 38
13 34 36 36
13 35 27 27
13 36 28 28
13 37 32 32
13 38 35 35
13 39 41 41
13 40 39 39
14 14 0 0
14 15 34 34
14 16 45 45
14 17 42 42
14 18 34 34
14 19 34 34
14 20 33 33
14 21 42 42
14 22 33 33
14 23 46 46
14 24 46 46
14 25 47 47
14 26 39 39
14 27 45 45
14 28 23 23
14 29 21 21
14 30 40 40
14 31 38 38
14 32 26 26
14 33 36 36
14 34 35 35
14 35 26 26
14 36 25 25
14 37 30 30
14 38 30 30
14 39 39 39
14 40 35 35
15 15 0 0
15 16 12 12
15 17 13 13
15 18 12 12
15 19 10 10
15 20 11 11
15 21 10 10
15 22 3 3
15 23 17 17
15 24 13 13
15 25 14 14
15 26 5 5
15 27 16 16
15 28 39 39
15 29 37 37
15 30 41 41
15 31 40 40
15 32 41 41
15 33 43 43
15 34 51 51
15 35 42 42
15 36 35 35
15 37 43 43
15 38 32 32
15 39 47 47
15 40 37 37
16 16 0 0
16 17 8 8
16 18 15 15
16 19 13 13
16 20 15 15
16 21 4 4
16 22 12 12
16 23 8 8
16 24 2 2
16 25 2 2
16 26 7 7
16 27 9 9
16 28 46 46
16 29 45 45
16 30 44 44
16 31 42 42
16 32 48 48
16 33 47 47
16 34 56 56
16 35 49 49
16 36 42 42
16 37 49 49
16 38 37 37
16 39 51 51
16 40 40 40
17 17 0 0
17 18 9 9
17 19 8 8
17 20 9 9
17 21 5 5
17 22 12 12
17 23 4 4
17 24 7 7
17 25 9 9
17 26 11 11
17 27 3 3
17 28 39 39
17 29 38 38
17 30 36 36
17 31 34 34
17 32 41 41
17 33 39 39
17 34 49 49
17 35 42 42
17 36 35 35
17 37 42 42
17 38 29 29
17 39 43 43
17 40 32 32
18 18 0 0
18 19 2 2
18 20 1 1
18 21 11 11
18 22 9 9
18 23 12 12
18 24 14 14
18 25 16 16
18 26 13 13
18 27 11 11
18 28 31 31
18 29 30 30
18 30 30 30
18 31 28 28
18 32 33 33
18 33 33 33
18 34 41 41
18 35 34 34
18 36 27 27
18 37 34 34
18 38 22 22
18 39 36 36
18 40 26 26
19 19 0 0
19 20 1 1
19 21 9 9
19 22 7 7
19 23 12 12
19 24 13 13
19 25 15 15
19 26 11 11
19 27 11 11
19 28 33 33
19 29 31 31
19 30 32 32
19 31 30 30
19 32 35 35
19 33 34 34
19 34 43 43
19 35 35 35
19 36 28 28
19 37 36 36
19 38 24 24
19 39 38 38
19 40 28 28
20 20 0 0
20 21 11 11
20 22 8 8
20 23 13 13
20 24 14 14
20 25 16 16
20 26 13 13
20 27 12 12
20 28 31 31
20 29 30 30
20 30 31 31
20 31 29 29
20 32 33 33
20 33 33 33
20 34 42 42
20 35 34 34
20 36 27 27
20 37 34 34
20 38 22 22
20 39 37 37
20 40 26 26
21 21 0 0
21 22 9 9
21 23 7 7
21 24 4 4
21 25 6 6
21 26 6 6
21 27 7 7
21 28 42 42
21 29 40 40
21 30 40 40
21 31 38 38
21 32 44 44
21 33 43 43
21 34 52 52
21 35 45 45
21 36 37 37
21 37 45 45
21 38 32 32
21 39 47 47
21 40 36 36
22 22 0 0
22 23 15 15
22 24 13 13
22 25 14 14
22 26 6 6
22 27 15 15
22 28 36 36
22 29 35 35
22 30 38 38
22 31 37 37
22 32 39 39
22 33 40 40
22 34 48 48
22 35 39 39
22 36 33 33
22 37 40 40
22 38 29 29
22 39 44 44
22 40 34 34
23 23 0 0
23 24 6 6
23 25 8 8
23 26 13 13
23 27 1 1
23 28 43 43
23 29 42 42
23 30 38 38
23 31 37 37
23 32 44 44
23 33 42 42
23 34 52 52
23 35 45 45
23 36 38 38
23 37 45 45
23 38 32 32
23 39 45 45
23 40 34 34
24 24 0 0
24 25 2 2
24 26 9 9
24 27 7 7
24 28 45 45
24 29 44 44
24 30 42 42
24 31 41 41
24 32 47 47
24 33 46 46
24 34 55 55
24 35 48 48
24 36 41 41
24 37 48 48
24 38 36 36
24 39 49 49
24 40 39 39
25 25 0 0
25 26 9 9
25 27 9 9
25 28 48 48
25 29 46 46
25 30 45 45
25 31 43 43
25 32 50 50
25 33 48 48
25 34 57 57
25 35 50 50
25 36 43 43
25 37 50 50
25 38 38 38
25 39 52 52
25 40 41 41
26 26 0 0
26 27 14 14
26 28 43 43
26 29 41 41
26 30 43 43
26 31 42 42
26 32 45 45
26 33 46 46
26 34 54 54
26 35 46 46
26 36 39 39
26 37 46 46
26 38 35 35
26 39 49 49
26 40 39 39
27 27 0 0
27 28 41 41
27 29 40 40
27 30 36 36
27 31 35 35
27 32 43 43
27 33 40 40
27 34 50 50
27 35 44 44
27 36 37 37
27 37 43 43
27 38 30 30
27 39 44 44
27 40 33 33
28 28 0 0
28 29 2 2
28 30 18 18
28 31 17 17
28 32 3 3
28 33 13 13
28 34 13 13
28 35 3 3
28 36 5 5
28 37 6 6
28 38 13 13
28 39 16 16
28 40 16 16
29 29 0 0
29 30 19 19
29 31 17 17
29 32 5 5
29 33 14 14
29 34 15 15
29 35 5 5
29 36 5 5
29 37 8 8
29 38 13 13
29 39 17 17
29 40 16 16
30 30 0 0
30 31 2 2
30 32 17 17
30 33 7 7
30 34 17 17
30 35 18 18
30 36 15 15
30 37 14 14
30 38 10 10
30 39 8 8
30 40 5 5
31 31 0 0
31 32 16 16
31 33 6 6
31 34 17 17
31 35 16 16
31 36 13 13
31 37 13 13
31 38 8 8
31 39 8 8
31 40 3 3
32 32 0 0
32 33 11 11
32 34 10 10
32 35 1 1
32 36 6 6
32 37 4 4
32 38 14 14
32 39 13 13
32 40 15 15
33 33 0 0
33 34 11 11
33 35 12 12
33 36 11 11
33 37 8 8
33 38 11 11
33 39 4 4
33 40 8 8
34 34 0 0
34 35 10 10
34 36 15 15
34 37 8 8
34 38 20 20
34 39 10 10
34 40 18 18
35 35 0 0
35 36 7 7
35 37 4 4
35 38 15 15
35 39 14 14
35 40 16 16
36 36 0 0
36 37 8 8
36 38 8 8
36 39 15 15
36 40 11 11
37 37 0 0
37 38 13 13
37 39 10 10
37 40 13 13
38 38 0 0
38 39 15 15
38 40 5 5
39 39 0 0
39 40 11 11
40 40 0 0
