40
5
15
4
12
21
32
33
6
11
18
19
23
27
32
1 1 0 0
1 2 14 14
1 3 13 13
1 4 3 3
1 5 16 16
1 6 14 14
1 7 5 5
1 8 4 4
1 9 6 6
1 10 10 10
1 11 4 4
1 12 5 5
1 13 9 9
1 14 5 5
1 15 49 49
1 16 37 37
1 17 48 48
1 18 38 38
1 19 38 38
1 20 39 39
1 21 55 55
1 22 42 42
1 23 55 55
1 24 48 48
1 25 55 55
1 26 46 46
1 27 42 42
1 28 47 47
1 29 53 53
1 30 41 41
1 31 44 44
1 32 48 48
1 33 43 43
1 34 50 50
1 35 38 38
1 36 46 46
1 37 37 37
1 38 30 30
1 39 37 37
1 40 51 51
2 2 0 0
2 3 9 9
2 4 16 16
2 5 4 4
2 6 6 6
2 7 17 17
2 8 15 15
2 9 12 12
2 10 13 13
2 11 11 11
2 12 11 11
2 13 6 6
2 14 15 15
2 15 62 62
2 16 50 50
2 17 59 59
2 18 52 52
2 19 50 50
2 20 52 52
2 21 68 68
2 22 54 54
2 23 66 66
2 24 58 58
2 25 68 68
2 26 57 57
2 27 54 54
2 28 47 47
2 29 54 54
2 30 40 40
2 31 45 45
2 32 51 51
2 33 43 43
2 34 52 52
2 35 42 42
2 36 45 45
2 37 40 40
2 38 30 30
2 39 40 40
2 40 53 53
3 3 0 0
3 4 12 12
3 5 13 13
3 6 14 14
3 7 13 13
3 8 11 11
3 9 15 15
3 10 6 6
3 11 12 12
3 12 8 8
3 13 6 6
3 14 10 10
3 15 62 62
3 16 50 50
3 17 61 61
3 18 51 51
3 19 51 51
3 20 52 52
3 21 68 68
3 22 55 55
3 23 68 68
3 24 60 60
3 25 68 68
3 26 59 59
3 27 55 55
3 28 54 54
3 29 62 62
3 30 48 48
3 31 52 52
3 32 57 57
3 33 50 50
3 34 59 59
3 35 48 48
3 36 53 53
3 37 46 46
3 38 38 38
3 39 46 46
3 40 60 60
4 4 0 0
4 5 17 17
4 6 17 17
4 7 2 2
4 8 1 1
4 9 9 9
4 10 8 8
4 11 6 6
4 12 5 5
4 13 10 10
4 14 2 2
4 15 50 50
4 16 38 38
4 17 49 49
4 18 39 39
4 19 39 39
4 20 40 40
4 21 56 56
4 22 44 44
4 23 57 57
4 24 49 49
4 25 56 56
4 26 48 48
4 27 44 44
4 28 50 50
4 29 56 56
4 30 45 45
4 31 47 47
4 32 51 51
4 33 46 46
4 34 53 53
4 35 40 40
4 36 49 49
4 37 40 40
4 38 33 33
4 39 40 40
4 40 54 54
5 5 0 0
5 6 2 2
5 7 19 19
5 8 17 17
5 9 12 12
5 10 17 17
5 11 12 12
5 12 13 13
5 13 9 9
5 14 17 17
5 15 61 61
5 16 49 49
5 17 57 57
5 18 51 51
5 19 49 49
5 20 52 52
5 21 67 67
5 22 52 52
5 23 64 64
5 24 56 56
5 25 67 67
5 26 55 55
5 27 52 52
5 28 42 42
5 29 50 50
5 30 36 36
5 31 41 41
5 32 47 47
5 33 38 38
5 34 48 48
5 35 38 38
5 36 41 41
5 37 36 36
5 38 26 26
5 39 36 36
5 40 49 49
6 6 0 0
6 7 18 18
6 8 16 16
6 9 10 10
6 10 17 17
6 11 11 11
6 12 12 12
6 13 9 9
6 14 17 17
6 15 59 59
6 16 47 47
6 17 55 55
6 18 49 49
6 19 47 47
6 20 50 50
6 21 65 65
6 22 50 50
6 23 62 62
6 24 54 54
6 25 65 65
6 26 53 53
6 27 50 50
6 28 41 41
6 29 49 49
6 30 35 35
6 31 40 40
6 32 45 45
6 33 37 37
6 34 46 46
6 35 37 37
6 36 40 40
6 37 34 34
6 38 25 25
6 39 34 34
6 40 48 48
7 7 0 0
7 8 2 2
7 9 11 11
7 10 8 8
7 11 8 8
7 12 6 6
7 13 11 11
7 14 2 2
7 15 50 50
7 16 38 38
7 17 50 50
7 18 39 39
7 19 40 40
7 20 40 40
7 21 56 56
7 22 44 44
7 23 58 58
7 24 50 50
7 25 56 56
7 26 48 48
7 27 44 44
7 28 51 51
7 29 58 58
7 30 46 46
7 31 49 49
7 32 52 52
7 33 48 48
7 34 55 55
7 35 42 42
7 36 51 51
7 37 41 41
7 38 35 35
7 39 41 41
7 40 56 56
8 8 0 0
8 9 9 9
8 10 7 7
8 11 6 6
8 12 4 4
8 13 9 9
8 14 1 1
8 15 51 51
8 16 39 39
8 17 50 50
8 18 40 40
8 19 40 40
8 20 41 41
8 21 57 57
8 22 45 45
8 23 58 58
8 24 50 50
8 25 57 57
8 26 49 49
8 27 45 45
8 28 50 50
8 29 57 57
8 30 45 45
8 31 48 48
8 32 51 51
8 33 47 47
8 34 54 54
8 35 41 41
8 36 49 49
8 37 40 40
8 38 34 34
8 39 40 40
8 40 55 55
9 9 0 0
9 10 14 14
9 11 4 4
9 12 8 8
9 13 9 9
9 14 10 10
9 15 50 50
9 16 38 38
9 17 47 47
9 18 40 40
9 19 38 38
9 20 40 40
9 21 56 56
9 22 42 42
9 23 54 54
9 24 46 46
9 25 56 56
9 26 45 45
9 27 42 42
9 28 41 41
9 29 48 48
9 30 36 36
9 31 39 39
9 32 43 43
9 33 38 38
9 34 45 45
9 35 33 33
9 36 40 40
9 37 32 32
9 38 25 25
9 39 32 32
9 40 46 46
10 10 0 0
10 11 11 11
10 12 6 6
10 13 8 8
10 14 6 6
10 15 58 58
10 16 46 46
10 17 57 57
10 18 47 47
10 19 48 48
10 20 48 48
10 21 64 64
10 22 52 52
10 23 65 65
10 24 58 58
10 25 64 64
10 26 56 56
10 27 52 52
10 28 55 55
10 29 62 62
10 30 50 50
10 31 53 53
10 32 57 57
10 33 51 51
10 34 59 59
10 35 47 47
10 36 54 54
10 37 46 46
10 38 39 39
10 39 46 46
10 40 61 61
11 11 0 0
11 12 4 4
11 13 7 7
11 14 7 7
11 15 51 51
11 16 39 39
11 17 49 49
11 18 41 41
11 19 40 40
11 20 42 42
11 21 57 57
11 22 44 44
11 23 57 57
11 24 49 49
11 25 57 57
11 26 48 48
11 27 44 44
11 28 45 45
11 29 52 52
11 30 39 39
11 31 43 43
11 32 47 47
11 33 41 41
11 34 49 49
11 35 37 37
11 36 44 44
11 37 35 35
11 38 28 28
11 39 35 35
11 40 50 50
12 12 0 0
12 13 5 5
12 14 4 4
12 15 54 54
12 16 42 42
12 17 53 53
12 18 43 43
12 19 43 43
12 20 44 44
12 21 60 60
12 22 47 47
12 23 60 60
12 24 52 52
12 25 60 60
12 26 51 51
12 27 47 47
12 28 49 49
12 29 56 56
12 30 43 43
12 31 47 47
12 32 51 51
12 33 45 45
12 34 53 53
12 35 41 41
12 36 48 48
12 37 40 40
12 38 32 32
12 39 40 40
12 40 54 54
13 13 0 0
13 14 9 9
13 15 58 58
13 16 46 46
13 17 56 56
13 18 48 48
13 19 47 47
13 20 49 49
13 21 64 64
13 22 51 51
13 23 64 64
13 24 56 56
13 25 64 64
13 26 54 54
13 27 51 51
13 28 49 49
13 29 56 56
13 30 43 43
13 31 47 47
13 32 52 52
13 33 45 45
13 34 53 53
13 35 42 42
13 36 47 47
13 37 40 40
13 38 32 32
13 39 40 40
13 40 54 54
14 14 0 0
14 15 52 52
14 16 40 40
14 17 51 51
14 18 41 41
14 19 41 41
14 20 42 42
14 21 58 58
14 22 46 46
14 23 59 59
14 24 52 52
14 25 58 58
14 26 50 50
14 27 46 46
14 28 51 51
14 29 58 58
14 30 46 46
14 31 49 49
14 32 53 53
14 33 48 48
14 34 55 55
14 35 43 43
14 36 51 51
14 37 42 42
14 38 35 35
14 39 42 42
14 40 56 56
15 15 0 0
15 16 12 12
15 17 11 11
15 18 11 11
15 19 12 12
15 20 10 10
15 21 6 6
15 22 11 11
15 23 16 16
15 24 15 15
15 25 6 6
15 26 14 14
15 27 11 11
15 28 54 54
15 29 52 52
15 30 55 55
15 31 50 50
15 32 46 46
15 33 54 54
15 34 50 50
15 35 39 39
15 36 55 55
15 37 43 43
15 38 49 49
15 39 43 43
15 40 51 51
16 16 0 0
16 17 15 15
16 18 2 2
16 19 5 5
16 20 2 2
16 21 18 18
16 22 9 9
16 23 23 23
16 24 17 17
16 25 18 18
16 26 15 15
16 27 9 9
16 28 48 48
16 29 49 49
16 30 48 48
16 31 45 45
16 32 42 42
16 33 48 48
16 34 46 46
16 35 33 33
16 36 49 49
16 37 37 37
16 38 40 40
16 39 37 37
16 40 47 47
17 17 0 0
17 18 16 16
17 19 11 11
17 20 14 14
17 21 14 14
17 22 6 6
17 23 8 8
17 24 4 4
17 25 14 14
17 26 3 3
17 27 6 6
17 28 43 43
17 29 42 42
17 30 45 45
17 31 40 40
17 32 35 35
17 33 45 45
17 34 39 39
17 35 30 30
17 36 45 45
17 37 34 34
17 38 41 41
17 39 34 34
17 40 40 40
18 18 0 0
18 19 7 7
18 20 1 1
18 21 17 17
18 22 11 11
18 23 23 23
18 24 19 19
18 25 17 17
18 26 17 17
18 27 11 11
18 28 50 50
18 29 51 51
18 30 50 50
18 31 47 47
18 32 44 44
18 33 50 50
18 34 48 48
18 35 35 35
18 36 51 51
18 37 39 39
18 38 43 43
18 39 39 39
18 40 49 49
19 19 0 0
19 20 6 6
19 21 18 18
19 22 5 5
19 23 19 19
19 24 13 13
19 25 18 18
19 26 11 11
19 27 5 5
19 28 44 44
19 29 44 44
19 30 44 44
19 31 41 41
19 32 37 37
19 33 44 44
19 34 41 41
19 35 29 29
19 36 45 45
19 37 33 33
19 38 37 37
19 39 33 33
19 40 42 42
20 20 0 0
20 21 16 16
20 22 9 9
20 23 22 22
20 24 17 17
20 25 16 16
20 26 15 15
20 27 9 9
20 28 50 50
20 29 50 50
20 30 50 50
20 31 47 47
20 32 43 43
20 33 50 50
20 34 48 48
20 35 35 35
20 36 51 51
20 37 38 38
20 38 43 43
20 39 38 38
20 40 48 48
21 21 0 0
21 22 16 16
21 23 16 16
21 24 18 18
21 25 0 0
21 26 17 17
21 27 16 16
21 28 58 58
21 29 56 56
21 30 59 59
21 31 55 55
21 32 49 49
21 33 59 59
21 34 54 54
21 35 44 44
21 36 59 59
21 37 48 48
21 38 54 54
21 39 48 48
21 40 54 54
22 22 0 0
22 23 14 14
22 24 8 8
22 25 16 16
22 26 6 6
22 27 0 0
22 28 43 43
22 29 42 42
22 30 44 44
22 31 40 40
22 32 35 35
22 33 44 44
22 34 40 40
22 35 29 29
22 36 44 44
22 37 33 33
22 38 39 39
22 39 33 33
22 40 40 40
23 23 0 0
23 24 8 8
23 25 16 16
23 26 9 9
23 27 14 14
23 28 45 45
23 29 42 42
23 30 48 48
23 31 43 43
23 32 36 36
23 33 47 47
23 34 40 40
23 35 33 33
23 36 47 47
23 37 38 38
23 38 46 46
23 39 38 38
23 40 40 40
24 24 0 0
24 25 18 18
24 26 2 2
24 27 8 8
24 28 40 40
24 29 38 38
24 30 42 42
24 31 37 37
24 32 31 31
24 33 41 41
24 34 36 36
24 35 26 26
24 36 41 41
24 37 31 31
24 38 38 38
24 39 31 31
24 40 36 36
25 25 0 0
25 26 17 17
25 27 16 16
25 28 58 58
25 29 56 56
25 30 59 59
25 31 55 55
25 32 49 49
25 33 59 59
25 34 54 54
25 35 44 44
25 36 59 59
25 37 48 48
25 38 54 54
25 39 48 48
25 40 54 54
26 26 0 0
26 27 6 6
26 28 41 41
26 29 39 39
26 30 42 42
26 31 38 38
26 32 32 32
26 33 42 42
26 34 37 37
26 35 27 27
26 36 42 42
26 37 31 31
26 38 38 38
26 39 31 31
26 40 37 37
27 27 0 0
27 28 43 43
27 29 42 42
27 30 44 44
27 31 40 40
27 32 35 35
27 33 44 44
27 34 40 40
27 35 29 29
27 36 44 44
27 37 33 33
27 38 39 39
27 39 33 33
27 40 40 40
28 28 0 0
28 29 9 9
28 30 7 7
28 31 3 3
28 32 10 10
28 33 4 4
28 34 7 7
28 35 15 15
28 36 2 2
28 37 12 12
28 38 17 17
28 39 12 12
28 40 8 8
29 29 0 0
29 30 15 15
29 31 9 9
29 32 7 7
29 33 13 13
29 34 3 3
29 35 17 17
29 36 10 10
29 37 17 17
29 38 24 24
29 39 17 17
29 40 2 2
30 30 0 0
30 31 7 7
30 32 15 15
30 33 2 2
30 34 13 13
30 35 16 16
30 36 5 5
30 37 11 11
30 38 11 11
30 39 11 11
30 40 15 15
31 31 0 0
31 32 8 8
31 33 5 5
31 34 7 7
31 35 12 12
31 36 4 4
31 37 9 9
31 38 15 15
31 39 9 9
31 40 8 8
32 32 0 0
32 33 13 13
32 34 4 4
32 35 11 11
32 36 12 12
32 37 11 11
32 38 21 21
32 39 11 11
32 40 5 5
33 33 0 0
33 34 11 11
33 35 15 15
33 36 3 3
33 37 11 11
33 38 13 13
33 39 11 11
33 40 12 12
34 34 0 0
34 35 14 14
34 36 9 9
34 37 13 13
34 38 21 21
34 39 13 13
34 40 1 1
35 35 0 0
35 36 16 16
35 37 4 4
35 38 14 14
35 39 4 4
35 40 15 15
36 36 0 0
36 37 12 12
36 38 16 16
36 39 12 12
36 40 10 10
37 37 0 0
37 38 10 10
37 39 0 0
37 40 15 15
38 38 0 0
38 39 10 10
38 40 23 23
39 39 0 0
39 40 15 15
40 40 0 0
