40
5
15
4
10
12
26
31
6
6
7
12
29
30
31
1 1 0 0
1 2 11 11
1 3 3 3
1 4 9 9
1 5 13 13
1 6 4 4
1 7 18 18
1 8 8 8
1 9 12 12
1 10 12 12
1 11 12 12
1 12 16 16
1 13 11 11
1 14 12 12
1 15 66 66
1 16 61 61
1 17 58 58
1 18 47 47
1 19 48 48
1 20 50 50
1 21 49 49
1 22 51 51
1 23 54 54
1 24 62 62
1 25 52 52
1 26 51 51
1 27 57 57
1 28 40 40
1 29 43 43
1 30 46 46
1 31 41 41
1 32 44 44
1 33 43 43
1 34 43 43
1 35 51 51
1 36 50 50
1 37 41 41
1 38 39 39
1 39 47 47
1 40 45 45
2 2 0 0
2 3 8 8
2 4 11 11
2 5 10 10
2 6 16 16
2 7 9 9
2 8 7 7
2 9 6 6
2 10 14 14
2 11 7 7
2 12 15 15
2 13 3 3
2 14 2 2
2 15 61 61
2 16 54 54
2 17 51 51
2 18 42 42
2 19 40 40
2 20 42 42
2 21 43 43
2 22 45 45
2 23 47 47
2 24 56 56
2 25 44 44
2 26 46 46
2 27 50 50
2 28 43 43
2 29 46 46
2 30 45 45
2 31 42 42
2 32 48 48
2 33 47 47
2 34 43 43
2 35 55 55
2 36 54 54
2 37 44 44
2 38 40 40
2 39 52 52
2 40 49 49
3 3 0 0
3 4 9 9
3 5 10 10
3 6 8 8
3 7 16 16
3 8 5 5
3 9 10 10
3 10 12 12
3 11 9 9
3 12 16 16
3 13 8 8
3 14 9 9
3 15 65 65
3 16 60 60
3 17 57 57
3 18 47 47
3 19 46 46
3 20 48 48
3 21 48 48
3 22 50 50
3 23 53 53
3 24 61 61
3 25 50 50
3 26 50 50
3 27 56 56
3 28 42 42
3 29 45 45
3 30 46 46
3 31 42 42
3 32 45 45
3 33 45 45
3 34 44 44
3 35 52 52
3 36 52 52
3 37 43 43
3 38 40 40
3 39 49 49
3 40 47 47
4 4 0 0
4 5 19 19
4 6 11 11
4 7 12 12
4 8 13 13
4 9 7 7
4 10 3 3
4 11 16 16
4 12 6 6
4 13 13 13
4 14 10 10
4 15 57 57
4 16 53 53
4 17 49 49
4 18 38 38
4 19 39 39
4 20 41 41
4 21 40 40
4 22 42 42
4 23 46 46
4 24 53 53
4 25 43 43
4 26 42 42
4 27 49 49
4 28 33 33
4 29 36 36
4 30 37 37
4 31 33 33
4 32 37 37
4 33 36 36
4 34 34 34
4 35 44 44
4 36 44 44
4 37 34 34
4 38 30 30
4 39 41 41
4 40 38 38
5 5 0 0
5 6 17 17
5 7 19 19
5 8 5 5
5 9 15 15
5 10 21 21
5 11 3 3
5 12 24 24
5 13 7 7
5 14 12 12
5 15 70 70
5 16 63 63
5 17 61 61
5 18 52 52
5 19 49 49
5 20 51 51
5 21 53 53
5 22 55 55
5 23 57 57
5 24 66 66
5 25 53 53
5 26 56 56
5 27 59 59
5 28 51 51
5 29 54 54
5 30 55 55
5 31 51 51
5 32 56 56
5 33 55 55
5 34 52 52
5 35 62 62
5 36 62 62
5 37 52 52
5 38 49 49
5 39 59 59
5 40 57 57
6 6 0 0
6 7 22 22
6 8 12 12
6 9 16 16
6 10 13 13
6 11 16 16
6 12 17 17
6 13 15 15
6 14 16 16
6 15 68 68
6 16 64 64
6 17 61 61
6 18 49 49
6 19 50 50
6 20 53 53
6 21 51 51
6 22 53 53
6 23 57 57
6 24 64 64
6 25 54 54
6 26 53 53
6 27 60 60
6 28 39 39
6 29 42 42
6 30 46 46
6 31 40 40
6 32 42 42
6 33 41 41
6 34 42 42
6 35 49 49
6 36 49 49
6 37 40 40
6 38 38 38
6 39 44 44
6 40 43 43
7 7 0 0
7 8 16 16
7 9 6 6
7 10 13 13
7 11 16 16
7 12 12 12
7 13 12 12
7 14 7 7
7 15 52 52
7 16 45 45
7 17 42 42
7 18 34 34
7 19 31 31
7 20 33 33
7 21 34 34
7 22 36 36
7 23 38 38
7 24 47 47
7 25 35 35
7 26 37 37
7 27 41 41
7 28 38 38
7 29 41 41
7 30 38 38
7 31 36 36
7 32 44 44
7 33 43 43
7 34 37 37
7 35 50 50
7 36 50 50
7 37 40 40
7 38 34 34
7 39 49 49
7 40 46 46
8 8 0 0
8 9 11 11
8 10 16 16
8 11 4 4
8 12 19 19
8 13 4 4
8 14 9 9
8 15 67 67
8 16 61 61
8 17 58 58
8 18 49 49
8 19 47 47
8 20 49 49
8 21 50 50
8 22 52 52
8 23 54 54
8 24 63 63
8 25 51 51
8 26 52 52
8 27 57 57
8 28 46 46
8 29 49 49
8 30 50 50
8 31 46 46
8 32 50 50
8 33 49 49
8 34 48 48
8 35 57 57
8 36 57 57
8 37 47 47
8 38 44 44
8 39 54 54
8 40 51 51
9 9 0 0
9 10 9 9
9 11 12 12
9 12 10 10
9 13 9 9
9 14 4 4
9 15 56 56
9 16 50 50
9 17 47 47
9 18 37 37
9 19 36 36
9 20 38 38
9 21 38 38
9 22 40 40
9 23 43 43
9 24 51 51
9 25 40 40
9 26 41 41
9 27 46 46
9 28 37 37
9 29 41 41
9 30 40 40
9 31 36 36
9 32 43 43
9 33 42 42
9 34 38 38
9 35 49 49
9 36 49 49
9 37 39 39
9 38 34 34
9 39 47 47
9 40 44 44
10 10 0 0
10 11 19 19
10 12 4 4
10 13 16 16
10 14 12 12
10 15 55 55
10 16 51 51
10 17 48 48
10 18 36 36
10 19 38 38
10 20 40 40
10 21 38 38
10 22 40 40
10 23 44 44
10 24 51 51
10 25 42 42
10 26 40 40
10 27 47 47
10 28 30 30
10 29 33 33
10 30 34 34
10 31 30 30
10 32 34 34
10 33 34 34
10 34 31 31
10 35 41 41
10 36 41 41
10 37 31 31
10 38 28 28
10 39 38 38
10 40 36 36
11 11 0 0
11 12 21 21
11 13 4 4
11 14 9 9
11 15 67 67
11 16 60 60
11 17 58 58
11 18 49 49
11 19 46 46
11 20 48 48
11 21 50 50
11 22 52 52
11 23 53 53
11 24 63 63
11 25 50 50
11 26 52 52
11 27 56 56
11 28 49 49
11 29 52 52
11 30 52 52
11 31 48 48
11 32 53 53
11 33 52 52
11 34 49 49
11 35 60 60
11 36 60 60
11 37 50 50
11 38 46 46
11 39 57 57
11 40 55 55
12 12 0 0
12 13 18 18
12 14 13 13
12 15 51 51
12 16 47 47
12 17 44 44
12 18 32 32
12 19 34 34
12 20 36 36
12 21 34 34
12 22 36 36
12 23 40 40
12 24 47 47
12 25 38 38
12 26 36 36
12 27 43 43
12 28 27 27
12 29 31 31
12 30 31 31
12 31 27 27
12 32 33 33
12 33 32 32
12 34 28 28
12 35 39 39
12 36 39 39
12 37 29 29
12 38 25 25
12 39 37 37
12 40 34 34
13 13 0 0
13 14 5 5
13 15 64 64
13 16 57 57
13 17 54 54
13 18 46 46
13 19 43 43
13 20 45 45
13 21 46 46
13 22 48 48
13 23 50 50
13 24 59 59
13 25 47 47
13 26 49 49
13 27 53 53
13 28 45 45
13 29 49 49
13 30 48 48
13 31 45 45
13 32 50 50
13 33 49 49
13 34 46 46
13 35 57 57
13 36 56 56
13 37 47 47
13 38 43 43
13 39 54 54
13 40 51 51
14 14 0 0
14 15 58 58
14 16 52 52
14 17 49 49
14 18 40 40
14 19 38 38
14 20 40 40
14 21 41 41
14 22 43 43
14 23 45 45
14 24 54 54
14 25 42 42
14 26 44 44
14 27 48 48
14 28 41 41
14 29 44 44
14 30 43 43
14 31 40 40
14 32 46 46
14 33 45 45
14 34 41 41
14 35 53 53
14 36 52 52
14 37 42 42
14 38 38 38
14 39 50 50
14 40 48 48
15 15 0 0
15 16 13 13
15 17 12 12
15 18 19 19
15 19 23 23
15 20 22 22
15 21 17 17
15 22 16 16
15 23 16 16
15 24 5 5
15 25 20 20
15 26 15 15
15 27 14 14
15 28 42 42
15 29 44 44
15 30 31 31
15 31 38 38
15 32 50 50
15 33 49 49
15 34 35 35
15 35 49 49
15 36 48 48
15 37 45 45
15 38 39 39
15 39 55 55
15 40 52 52
16 16 0 0
16 17 4 4
16 18 18 18
16 19 14 14
16 20 12 12
16 21 14 14
16 22 13 13
16 23 7 7
16 24 9 9
16 25 10 10
16 26 15 15
16 27 4 4
16 28 46 46
16 29 49 49
16 30 36 36
16 31 42 42
16 32 55 55
16 33 54 54
16 34 39 39
16 35 56 56
16 36 54 54
16 37 50 50
16 38 42 42
16 39 60 60
16 40 57 57
17 17 0 0
17 18 14 14
17 19 12 12
17 20 10 10
17 21 10 10
17 22 9 9
17 23 4 4
17 24 7 7
17 25 8 8
17 26 11 11
17 27 2 2
17 28 42 42
17 29 45 45
17 30 32 32
17 31 38 38
17 32 50 50
17 33 50 50
17 34 35 35
17 35 52 52
17 36 50 50
17 37 45 45
17 38 38 38
17 39 56 56
17 40 53 53
18 18 0 0
18 19 13 13
18 20 14 14
18 21 4 4
18 22 6 6
18 23 12 12
18 24 15 15
18 25 14 14
18 26 4 4
18 27 15 15
18 28 28 28
18 29 31 31
18 30 18 18
18 31 24 24
18 32 37 37
18 33 36 36
18 34 21 21
18 35 38 38
18 36 37 37
18 37 31 31
18 38 24 24
18 39 42 42
18 40 39 39
19 19 0 0
19 20 2 2
19 21 9 9
19 22 10 10
19 23 8 8
19 24 18 18
19 25 4 4
19 26 13 13
19 27 10 10
19 28 39 39
19 29 43 43
19 30 31 31
19 31 35 35
19 32 48 48
19 33 47 47
19 34 33 33
19 35 51 51
19 36 49 49
19 37 42 42
19 38 35 35
19 39 53 53
19 40 50 50
20 20 0 0
20 21 10 10
20 22 10 10
20 23 6 6
20 24 17 17
20 25 2 2
20 26 13 13
20 27 9 9
20 28 41 41
20 29 44 44
20 30 32 32
20 31 37 37
20 32 50 50
20 33 49 49
20 34 35 35
20 35 52 52
20 36 51 51
20 37 44 44
20 38 37 37
20 39 55 55
20 40 52 52
21 21 0 0
21 22 2 2
21 23 8 8
21 24 13 13
21 25 9 9
21 26 4 4
21 27 11 11
21 28 32 32
21 29 36 36
21 30 23 23
21 31 28 28
21 32 41 41
21 33 40 40
21 34 26 26
21 35 43 43
21 36 42 42
21 37 36 36
21 38 28 28
21 39 46 46
21 40 43 43
22 22 0 0
22 23 7 7
22 24 11 11
22 25 9 9
22 26 3 3
22 27 9 9
22 28 33 33
22 29 37 37
22 30 24 24
22 31 29 29
22 32 42 42
22 33 41 41
22 34 27 27
22 35 44 44
22 36 42 42
22 37 37 37
22 38 30 30
22 39 47 47
22 40 44 44
23 23 0 0
23 24 11 11
23 25 4 4
23 26 9 9
23 27 3 3
23 28 40 40
23 29 43 43
23 30 30 30
23 31 36 36
23 32 49 49
23 33 48 48
23 34 33 33
23 35 51 51
23 36 49 49
23 37 44 44
23 38 36 36
23 39 54 54
23 40 51 51
24 24 0 0
24 25 15 15
24 26 11 11
24 27 9 9
24 28 41 41
24 29 43 43
24 30 30 30
24 31 36 36
24 32 49 49
24 33 48 48
24 34 33 33
24 35 49 49
24 36 48 48
24 37 44 44
24 38 37 37
24 39 54 54
24 40 51 51
25 25 0 0
25 26 12 12
25 27 6 6
25 28 41 41
25 29 44 44
25 30 32 32
25 31 37 37
25 32 50 50
25 33 49 49
25 34 34 34
25 35 52 52
25 36 51 51
25 37 44 44
25 38 37 37
25 39 55 55
25 40 52 52
26 26 0 0
26 27 12 12
26 28 31 31
26 29 34 34
26 30 21 21
26 31 27 27
26 32 40 40
26 33 39 39
26 34 24 24
26 35 41 41
26 36 40 40
26 37 35 35
26 38 28 28
26 39 45 45
26 40 42 42
27 27 0 0
27 28 43 43
27 29 46 46
27 30 33 33
27 31 38 38
27 32 51 51
27 33 51 51
27 34 36 36
27 35 53 53
27 36 51 51
27 37 46 46
27 38 39 39
27 39 57 57
27 40 54 54
28 28 0 0
28 29 4 4
28 30 11 11
28 31 4 4
28 32 9 9
28 33 8 8
28 34 7 7
28 35 13 13
28 36 12 12
28 37 4 4
28 38 4 4
28 39 14 14
28 40 11 11
29 29 0 0
29 30 13 13
29 31 8 8
29 32 6 6
29 33 5 5
29 34 10 10
29 35 9 9
29 36 8 8
29 37 2 2
29 38 8 8
29 39 11 11
29 40 8 8
30 30 0 0
30 31 7 7
30 32 19 19
30 33 18 18
30 34 4 4
30 35 20 20
30 36 19 19
30 37 14 14
30 38 9 9
30 39 24 24
30 40 21 21
31 31 0 0
31 32 13 13
31 33 12 12
31 34 3 3
31 35 16 16
31 36 15 15
31 37 8 8
31 38 2 2
31 39 18 18
31 40 15 15
32 32 0 0
32 33 1 1
32 34 16 16
32 35 7 7
32 36 7 7
32 37 5 5
32 38 13 13
32 39 5 5
32 40 2 2
33 33 0 0
33 34 15 15
33 35 8 8
33 36 8 8
33 37 4 4
33 38 12 12
33 39 6 6
33 40 3 3
34 34 0 0
34 35 18 18
34 36 16 16
34 37 11 11
34 38 5 5
34 39 21 21
34 40 18 18
35 35 0 0
35 36 1 1
35 37 10 10
35 38 17 17
35 39 7 7
35 40 7 7
36 36 0 0
36 37 10 10
36 38 16 16
36 39 8 8
36 40 7 7
37 37 0 0
37 38 8 8
37 39 11 11
37 40 8 8
38 38 0 0
38 39 18 18
38 40 15 15
39 39 0 0
39 40 3 3
40 40 0 0
