40
5
15
4
9
37
38
39
6
8
12
23
31
33
37
1 1 0 0
1 2 7 7
1 3 9 9
1 4 9 9
1 5 7 7
1 6 6 6
1 7 12 12
1 8 4 4
1 9 3 3
1 10 9 9
1 11 12 12
1 12 6 6
1 13 8 8
1 14 13 13
1 15 49 49
1 16 54 54
1 17 57 57
1 18 42 42
1 19 57 57
1 20 59 59
1 21 53 53
1 22 50 50
1 23 48 48
1 24 43 43
1 25 46 46
1 26 45 45
1 27 54 54
1 28 45 45
1 29 54 54
1 30 50 50
1 31 40 40
1 32 32 32
1 33 50 50
1 34 41 41
1 35 52 52
1 36 50 50
1 37 45 45
1 38 43 43
1 39 42 42
1 40 39 39
2 2 0 0
2 3 7 7
2 4 2 2
2 5 7 7
2 6 11 11
2 7 8 8
2 8 4 4
2 9 7 7
2 10 2 2
2 11 16 16
2 12 4 4
2 13 10 10
2 14 7 7
2 15 50 50
2 16 55 55
2 17 57 57
2 18 44 44
2 19 57 57
2 20 59 59
2 21 52 52
2 22 50 50
2 23 49 49
2 24 42 42
2 25 45 45
2 26 47 47
2 27 54 54
2 28 51 51
2 29 59 59
2 30 55 55
2 31 47 47
2 32 38 38
2 33 56 56
2 34 46 46
2 35 57 57
2 36 55 55
2 37 51 51
2 38 49 49
2 39 47 47
2 40 45 45
3 3 0 0
3 4 9 9
3 5 2 2
3 6 9 9
3 7 3 3
3 8 5 5
3 9 11 11
3 10 8 8
3 11 21 21
3 12 11 11
3 13 16 16
3 14 6 6
3 15 57 57
3 16 61 61
3 17 64 64
3 18 50 50
3 19 64 64
3 20 66 66
3 21 59 59
3 22 57 57
3 23 56 56
3 24 49 49
3 25 52 52
3 26 53 53
3 27 61 61
3 28 54 54
3 29 63 63
3 30 59 59
3 31 49 49
3 32 41 41
3 33 59 59
3 34 51 51
3 35 61 61
3 36 59 59
3 37 54 54
3 38 52 52
3 39 51 51
3 40 48 48
4 4 0 0
4 5 9 9
4 6 13 13
4 7 9 9
4 8 6 6
4 9 8 8
4 10 1 1
4 11 17 17
4 12 5 5
4 13 11 11
4 14 7 7
4 15 50 50
4 16 54 54
4 17 57 57
4 18 43 43
4 19 56 56
4 20 58 58
4 21 51 51
4 22 50 50
4 23 49 49
4 24 41 41
4 25 44 44
4 26 46 46
4 27 53 53
4 28 53 53
4 29 60 60
4 30 56 56
4 31 48 48
4 32 39 39
4 33 57 57
4 34 47 47
4 35 59 59
4 36 55 55
4 37 52 52
4 38 50 50
4 39 48 48
4 40 46 46
5 5 0 0
5 6 7 7
5 7 5 5
5 8 4 4
5 9 9 9
5 10 8 8
5 11 19 19
5 12 10 10
5 13 14 14
5 14 8 8
5 15 56 56
5 16 60 60
5 17 63 63
5 18 49 49
5 19 63 63
5 20 65 65
5 21 58 58
5 22 56 56
5 23 54 54
5 24 48 48
5 25 51 51
5 26 52 52
5 27 60 60
5 28 52 52
5 29 61 61
5 30 57 57
5 31 47 47
5 32 38 38
5 33 56 56
5 34 49 49
5 35 59 59
5 36 57 57
5 37 52 52
5 38 50 50
5 39 49 49
5 40 46 46
6 6 0 0
6 7 12 12
6 8 8 8
6 9 9 9
6 10 13 13
6 11 15 15
6 12 12 12
6 13 14 14
6 14 15 15
6 15 54 54
6 16 59 59
6 17 62 62
6 18 47 47
6 19 62 62
6 20 64 64
6 21 58 58
6 22 55 55
6 23 52 52
6 24 48 48
6 25 51 51
6 26 50 50
6 27 60 60
6 28 46 46
6 29 55 55
6 30 51 51
6 31 41 41
6 32 33 33
6 33 50 50
6 34 44 44
6 35 53 53
6 36 51 51
6 37 47 47
6 38 45 45
6 39 44 44
6 40 40 40
7 7 0 0
7 8 8 8
7 9 14 14
7 10 8 8
7 11 23 23
7 12 13 13
7 13 18 18
7 14 4 4
7 15 58 58
7 16 63 63
7 17 65 65
7 18 52 52
7 19 65 65
7 20 67 67
7 21 60 60
7 22 59 59
7 23 57 57
7 24 50 50
7 25 53 53
7 26 55 55
7 27 62 62
7 28 57 57
7 29 66 66
7 30 62 62
7 31 52 52
7 32 44 44
7 33 62 62
7 34 53 53
7 35 64 64
7 36 62 62
7 37 57 57
7 38 55 55
7 39 54 54
7 40 51 51
8 8 0 0
8 9 6 6
8 10 5 5
8 11 16 16
8 12 6 6
8 13 10 10
8 14 9 9
8 15 52 52
8 16 56 56
8 17 59 59
8 18 45 45
8 19 59 59
8 20 61 61
8 21 54 54
8 22 52 52
8 23 50 50
8 24 44 44
8 25 47 47
8 26 48 48
8 27 56 56
8 28 50 50
8 29 58 58
8 30 54 54
8 31 45 45
8 32 36 36
8 33 54 54
8 34 45 45
8 35 56 56
8 36 54 54
8 37 50 50
8 38 48 48
8 39 46 46
8 40 43 43
9 9 0 0
9 10 9 9
9 11 10 10
9 12 4 4
9 13 5 5
9 14 14 14
9 15 46 46
9 16 51 51
9 17 54 54
9 18 39 39
9 19 54 54
9 20 56 56
9 21 49 49
9 22 47 47
9 23 45 45
9 24 40 40
9 25 42 42
9 26 43 43
9 27 51 51
9 28 45 45
9 29 53 53
9 30 48 48
9 31 40 40
9 32 31 31
9 33 49 49
9 34 40 40
9 35 51 51
9 36 48 48
9 37 44 44
9 38 42 42
9 39 40 40
9 40 38 38
10 10 0 0
10 11 18 18
10 12 6 6
10 13 11 11
10 14 6 6
10 15 51 51
10 16 55 55
10 17 58 58
10 18 44 44
10 19 57 57
10 20 59 59
10 21 52 52
10 22 51 51
10 23 50 50
10 24 42 42
10 25 45 45
10 26 47 47
10 27 54 54
10 28 53 53
10 29 61 61
10 30 56 56
10 31 48 48
10 32 39 39
10 33 57 57
10 34 47 47
10 35 59 59
10 36 56 56
10 37 52 52
10 38 51 51
10 39 48 48
10 40 46 46
11 11 0 0
11 12 13 13
11 13 7 7
11 14 23 23
11 15 39 39
11 16 44 44
11 17 48 48
11 18 32 32
11 19 48 48
11 20 50 50
11 21 44 44
11 22 40 40
11 23 37 37
11 24 35 35
11 25 37 37
11 26 35 35
11 27 45 45
11 28 35 35
11 29 43 43
11 30 38 38
11 31 30 30
11 32 22 22
11 33 39 39
11 34 30 30
11 35 41 41
11 36 38 38
11 37 34 34
11 38 33 33
11 39 30 30
11 40 28 28
12 12 0 0
12 13 6 6
12 14 11 11
12 15 46 46
12 16 50 50
12 17 53 53
12 18 39 39
12 19 53 53
12 20 55 55
12 21 48 48
12 22 46 46
12 23 45 45
12 24 38 38
12 25 41 41
12 26 42 42
12 27 50 50
12 28 48 48
12 29 55 55
12 30 51 51
12 31 43 43
12 32 34 34
12 33 52 52
12 34 42 42
12 35 54 54
12 36 50 50
12 37 47 47
12 38 45 45
12 39 43 43
12 40 41 41
13 13 0 0
13 14 17 17
13 15 41 41
13 16 46 46
13 17 49 49
13 18 35 35
13 19 49 49
13 20 51 51
13 21 45 45
13 22 42 42
13 23 40 40
13 24 35 35
13 25 37 37
13 26 38 38
13 27 46 46
13 28 43 43
13 29 50 50
13 30 45 45
13 31 38 38
13 32 29 29
13 33 47 47
13 34 36 36
13 35 48 48
13 36 45 45
13 37 41 41
13 38 40 40
13 39 37 37
13 40 35 35
14 14 0 0
14 15 56 56
14 16 60 60
14 17 63 63
14 18 50 50
14 19 63 63
14 20 64 64
14 21 57 57
14 22 56 56
14 23 55 55
14 24 47 47
14 25 50 50
14 26 53 53
14 27 59 59
14 28 58 58
14 29 66 66
14 30 62 62
14 31 53 53
14 32 44 44
14 33 62 62
14 34 53 53
14 35 64 64
14 36 62 62
14 37 58 58
14 38 56 56
14 39 54 54
14 40 52 52
15 15 0 0
15 16 6 6
15 17 9 9
15 18 7 7
15 19 10 10
15 20 13 13
15 21 12 12
15 22 4 4
15 23 4 4
15 24 14 14
15 25 12 12
15 26 4 4
15 27 10 10
15 28 44 44
15 29 40 40
15 30 35 35
15 31 40 40
15 32 38 38
15 33 43 43
15 34 26 26
15 35 39 39
15 36 33 33
15 37 36 36
15 38 37 37
15 39 31 31
15 40 35 35
16 16 0 0
16 17 4 4
16 18 13 13
16 19 4 4
16 20 8 8
16 21 9 9
16 22 4 4
16 23 9 9
16 24 15 15
16 25 12 12
16 26 10 10
16 27 6 6
16 28 49 49
16 29 44 44
16 30 40 40
16 31 46 46
16 32 44 44
16 33 48 48
16 34 32 32
16 35 44 44
16 36 38 38
16 37 41 41
16 38 43 43
16 39 37 37
16 40 41 41
17 17 0 0
17 18 16 16
17 19 1 1
17 20 4 4
17 21 9 9
17 22 7 7
17 23 13 13
17 24 17 17
17 25 13 13
17 26 14 14
17 27 5 5
17 28 52 52
17 29 47 47
17 30 44 44
17 31 49 49
17 32 47 47
17 33 51 51
17 34 35 35
17 35 48 48
17 36 41 41
17 37 44 44
17 38 46 46
17 39 40 40
17 40 45 45
18 18 0 0
18 19 17 17
18 20 20 20
18 21 16 16
18 22 9 9
18 23 5 5
18 24 13 13
18 25 12 12
18 26 3 3
18 27 16 16
18 28 39 39
18 29 37 37
18 30 32 32
18 31 35 35
18 32 32 32
18 33 39 39
18 34 22 22
18 35 36 36
18 36 30 30
18 37 31 31
18 38 33 33
18 39 27 27
18 40 30 30
19 19 0 0
19 20 4 4
19 21 8 8
19 22 7 7
19 23 13 13
19 24 16 16
19 25 13 13
19 26 14 14
19 27 4 4
19 28 53 53
19 29 48 48
19 30 44 44
19 31 50 50
19 32 48 48
19 33 52 52
19 34 36 36
19 35 48 48
19 36 42 42
19 37 45 45
19 38 47 47
19 39 41 41
19 40 45 45
20 20 0 0
20 21 8 8
20 22 10 10
20 23 17 17
20 24 17 17
20 25 14 14
20 26 18 18
20 27 5 5
20 28 57 57
20 29 52 52
20 30 48 48
20 31 54 54
20 32 51 51
20 33 55 55
20 34 40 40
20 35 52 52
20 36 45 45
20 37 49 49
20 38 50 50
20 39 45 45
20 40 49 49
21 21 0 0
21 22 8 8
21 23 16 16
21 24 10 10
21 25 7 7
21 26 16 16
21 27 4 4
21 28 55 55
21 29 52 52
21 30 48 48
21 31 52 52
21 32 48 48
21 33 55 55
21 34 38 38
21 35 52 52
21 36 45 45
21 37 47 47
21 38 49 49
21 39 43 43
21 40 47 47
22 22 0 0
22 23 8 8
22 24 11 11
22 25 9 9
22 26 8 8
22 27 6 6
22 28 47 47
22 29 44 44
22 30 39 39
22 31 44 44
22 32 41 41
22 33 47 47
22 34 30 30
22 35 43 43
22 36 37 37
22 37 39 39
22 38 41 41
22 39 35 35
22 40 39 39
23 23 0 0
23 24 16 16
23 25 14 14
23 26 2 2
23 27 14 14
23 28 40 40
23 29 36 36
23 30 32 32
23 31 37 37
23 32 35 35
23 33 39 39
23 34 23 23
23 35 36 36
23 36 29 29
23 37 32 32
23 38 34 34
23 39 28 28
23 40 32 32
24 24 0 0
24 25 3 3
24 26 14 14
24 27 12 12
24 28 51 51
24 29 49 49
24 30 45 45
24 31 47 47
24 32 42 42
24 33 51 51
24 34 34 34
24 35 49 49
24 36 42 42
24 37 44 44
24 38 45 45
24 39 39 39
24 40 42 42
25 25 0 0
25 26 13 13
25 27 9 9
25 28 51 51
25 29 49 49
25 30 44 44
25 31 47 47
25 32 43 43
25 33 51 51
25 34 34 34
25 35 49 49
25 36 42 42
25 37 44 44
25 38 45 45
25 39 39 39
25 40 42 42
26 26 0 0
26 27 14 14
26 28 40 40
26 29 36 36
26 30 32 32
26 31 36 36
26 32 34 34
26 33 39 39
26 34 22 22
26 35 36 36
26 36 29 29
26 37 32 32
26 38 33 33
26 39 27 27
26 40 31 31
27 27 0 0
27 28 54 54
27 29 50 50
27 30 46 46
27 31 50 50
27 32 48 48
27 33 53 53
27 34 37 37
27 35 50 50
27 36 43 43
27 37 46 46
27 38 47 47
27 39 42 42
27 40 45 45
28 28 0 0
28 29 12 12
28 30 11 11
28 31 5 5
28 32 14 14
28 33 5 5
28 34 17 17
28 35 10 10
28 36 14 14
28 37 9 9
28 38 6 6
28 39 12 12
28 40 9 9
29 29 0 0
29 30 5 5
29 31 15 15
29 32 23 23
29 33 7 7
29 34 16 16
29 35 2 2
29 36 7 7
29 37 9 9
29 38 11 11
29 39 13 13
29 40 15 15
30 30 0 0
30 31 12 12
30 32 19 19
30 33 8 8
30 34 11 11
30 35 4 4
30 36 3 3
30 37 4 4
30 38 7 7
30 39 8 8
30 40 11 11
31 31 0 0
31 32 9 9
31 33 9 9
31 34 14 14
31 35 13 13
31 36 14 14
31 37 8 8
31 38 5 5
31 39 9 9
31 40 5 5
32 32 0 0
32 33 18 18
32 34 15 15
32 35 21 21
32 36 20 20
32 37 14 14
32 38 12 12
32 39 12 12
32 40 8 8
33 33 0 0
33 34 17 17
33 35 5 5
33 36 11 11
33 37 7 7
33 38 7 7
33 39 12 12
33 40 11 11
34 34 0 0
34 35 15 15
34 36 9 9
34 37 9 9
34 38 11 11
34 39 5 5
34 40 9 9
35 35 0 0
35 36 7 7
35 37 7 7
35 38 8 8
35 39 11 11
35 40 13 13
36 36 0 0
36 37 6 6
36 38 9 9
36 39 8 8
36 40 12 12
37 37 0 0
37 38 3 3
37 39 5 5
37 40 6 6
38 38 0 0
38 39 6 6
38 40 4 4
39 39 0 0
39 40 5 5
40 40 0 0
