40
5
15
4
13
23
29
40
6
4
5
8
10
23
29
1 1 0 0
1 2 8 8
1 3 8 8
1 4 8 8
1 5 6 6
1 6 14 14
1 7 4 4
1 8 6 6
1 9 10 10
1 10 12 12
1 11 11 11
1 12 11 11
1 13 8 8
1 14 6 6
1 15 56 56
1 16 50 50
1 17 39 39
1 18 44 44
1 19 39 39
1 20 51 51
1 21 54 54
1 22 47 47
1 23 40 40
1 24 45 45
1 25 51 51
1 26 48 48
1 27 53 53
1 28 48 48
1 29 45 45
1 30 33 33
1 31 50 50
1 32 52 52
1 33 36 36
1 34 49 49
1 35 34 34
1 36 35 35
1 37 42 42
1 38 28 28
1 39 37 37
1 40 41 41
2 2 0 0
2 3 16 16
2 4 4 4
2 5 12 12
2 6 22 22
2 7 11 11
2 8 12 12
2 9 18 18
2 10 18 18
2 11 14 14
2 12 19 19
2 13 1 1
2 14 12 12
2 15 53 53
2 16 46 46
2 17 37 37
2 18 41 41
2 19 35 35
2 20 49 49
2 21 50 50
2 22 44 44
2 23 38 38
2 24 42 42
2 25 46 46
2 26 45 45
2 27 49 49
2 28 40 40
2 29 37 37
2 30 25 25
2 31 42 42
2 32 44 44
2 33 28 28
2 34 41 41
2 35 25 25
2 36 28 28
2 37 34 34
2 38 20 20
2 39 29 29
2 40 33 33
3 3 0 0
3 4 15 15
3 5 6 6
3 6 7 7
3 7 6 6
3 8 7 7
3 9 4 4
3 10 8 8
3 11 13 13
3 12 4 4
3 13 15 15
3 14 6 6
3 15 58 58
3 16 55 55
3 17 42 42
3 18 46 46
3 19 43 43
3 20 54 54
3 21 58 58
3 22 50 50
3 23 41 41
3 24 48 48
3 25 55 55
3 26 51 51
3 27 57 57
3 28 55 55
3 29 52 52
3 30 41 41
3 31 58 58
3 32 59 59
3 33 44 44
3 34 56 56
3 35 41 41
3 36 43 43
3 37 49 49
3 38 36 36
3 39 45 45
3 40 48 48
4 4 0 0
4 5 13 13
4 6 21 21
4 7 10 10
4 8 14 14
4 9 17 17
4 10 19 19
4 11 11 11
4 12 19 19
4 13 3 3
4 14 13 13
4 15 58 58
4 16 50 50
4 17 41 41
4 18 46 46
4 19 39 39
4 20 53 53
4 21 54 54
4 22 48 48
4 23 42 42
4 24 46 46
4 25 50 50
4 26 49 49
4 27 53 53
4 28 42 42
4 29 37 37
4 30 26 26
4 31 44 44
4 32 45 45
4 33 29 29
4 34 43 43
4 35 27 27
4 36 30 30
4 37 35 35
4 38 22 22
4 39 30 30
4 40 35 35
5 5 0 0
5 6 13 13
5 7 8 8
5 8 1 1
5 9 10 10
5 10 6 6
5 11 16 16
5 12 7 7
5 13 12 12
5 14 0 0
5 15 52 52
5 16 49 49
5 17 36 36
5 18 40 40
5 19 37 37
5 20 48 48
5 21 52 52
5 22 44 44
5 23 36 36
5 24 42 42
5 25 49 49
5 26 45 45
5 27 51 51
5 28 51 51
5 29 49 49
5 30 37 37
5 31 53 53
5 32 55 55
5 33 40 40
5 34 51 51
5 35 37 37
5 36 37 37
5 37 45 45
5 38 31 31
5 39 41 41
5 40 43 43
6 6 0 0
6 7 11 11
6 8 14 14
6 9 4 4
6 10 13 13
6 11 15 15
6 12 8 8
6 13 22 22
6 14 13 13
6 15 64 64
6 16 62 62
6 17 48 48
6 18 52 52
6 19 50 50
6 20 60 60
6 21 65 65
6 22 57 57
6 23 47 47
6 24 55 55
6 25 62 62
6 26 58 58
6 27 64 64
6 28 62 62
6 29 58 58
6 30 47 47
6 31 64 64
6 32 66 66
6 33 50 50
6 34 63 63
6 35 48 48
6 36 50 50
6 37 56 56
6 38 42 42
6 39 51 51
6 40 55 55
7 7 0 0
7 8 9 9
7 9 7 7
7 10 13 13
7 11 8 8
7 12 10 10
7 13 11 11
7 14 8 8
7 15 60 60
7 16 55 55
7 17 43 43
7 18 47 47
7 19 43 43
7 20 55 55
7 21 58 58
7 22 51 51
7 23 43 43
7 24 49 49
7 25 55 55
7 26 52 52
7 27 57 57
7 28 51 51
7 29 47 47
7 30 36 36
7 31 53 53
7 32 55 55
7 33 39 39
7 34 52 52
7 35 36 36
7 36 39 39
7 37 45 45
7 38 31 31
7 39 40 40
7 40 44 44
8 8 0 0
8 9 11 11
8 10 6 6
8 11 17 17
8 12 8 8
8 13 12 12
8 14 1 1
8 15 51 51
8 16 48 48
8 17 35 35
8 18 39 39
8 19 36 36
8 20 47 47
8 21 51 51
8 22 43 43
8 23 35 35
8 24 41 41
8 25 48 48
8 26 44 44
8 27 50 50
8 28 50 50
8 29 48 48
8 30 36 36
8 31 52 52
8 32 54 54
8 33 40 40
8 34 51 51
8 35 37 37
8 36 37 37
8 37 44 44
8 38 31 31
8 39 41 41
8 40 43 43
9 9 0 0
9 10 12 12
9 11 11 11
9 12 7 7
9 13 17 17
9 14 10 10
9 15 62 62
9 16 59 59
9 17 46 46
9 18 50 50
9 19 47 47
9 20 58 58
9 21 62 62
9 22 54 54
9 23 45 45
9 24 52 52
9 25 59 59
9 26 55 55
9 27 61 61
9 28 58 58
9 29 54 54
9 30 43 43
9 31 60 60
9 32 62 62
9 33 46 46
9 34 59 59
9 35 43 43
9 36 45 45
9 37 52 52
9 38 38 38
9 39 47 47
9 40 51 51
10 10 0 0
10 11 21 21
10 12 5 5
10 13 18 18
10 14 6 6
10 15 51 51
10 16 49 49
10 17 35 35
10 18 39 39
10 19 37 37
10 20 47 47
10 21 52 52
10 22 44 44
10 23 34 34
10 24 42 42
10 25 50 50
10 26 45 45
10 27 52 52
10 28 55 55
10 29 54 54
10 30 42 42
10 31 58 58
10 32 60 60
10 33 45 45
10 34 56 56
10 35 42 42
10 36 42 42
10 37 50 50
10 38 37 37
10 39 46 46
10 40 48 48
11 11 0 0
11 12 17 17
11 13 13 13
11 14 16 16
11 15 66 66
11 16 60 60
11 17 50 50
11 18 54 54
11 19 49 49
11 20 62 62
11 21 64 64
11 22 57 57
11 23 50 50
11 24 55 55
11 25 60 60
11 26 58 58
11 27 63 63
11 28 52 52
11 29 45 45
11 30 35 35
11 31 54 54
11 32 55 55
11 33 38 38
11 34 53 53
11 35 36 36
11 36 40 40
11 37 45 45
11 38 32 32
11 39 39 39
11 40 45 45
12 12 0 0
12 13 18 18
12 14 7 7
12 15 56 56
12 16 54 54
12 17 40 40
12 18 44 44
12 19 42 42
12 20 52 52
12 21 57 57
12 22 49 49
12 23 39 39
12 24 47 47
12 25 54 54
12 26 50 50
12 27 56 56
12 28 58 58
12 29 55 55
12 30 44 44
12 31 60 60
12 32 62 62
12 33 47 47
12 34 59 59
12 35 44 44
12 36 45 45
12 37 52 52
12 38 38 38
12 39 48 48
12 40 51 51
13 13 0 0
13 14 12 12
13 15 54 54
13 16 47 47
13 17 38 38
13 18 42 42
13 19 36 36
13 20 50 50
13 21 51 51
13 22 45 45
13 23 39 39
13 24 43 43
13 25 47 47
13 26 46 46
13 27 50 50
13 28 41 41
13 29 37 37
13 30 25 25
13 31 43 43
13 32 44 44
13 33 29 29
13 34 42 42
13 35 26 26
13 36 28 28
13 37 34 34
13 38 21 21
13 39 30 30
13 40 33 33
14 14 0 0
14 15 52 52
14 16 49 49
14 17 36 36
14 18 40 40
14 19 37 37
14 20 48 48
14 21 52 52
14 22 44 44
14 23 36 36
14 24 42 42
14 25 49 49
14 26 45 45
14 27 51 51
14 28 51 51
14 29 49 49
14 30 37 37
14 31 53 53
14 32 55 55
14 33 40 40
14 34 51 51
14 35 37 37
14 36 37 37
14 37 45 45
14 38 31 31
14 39 41 41
14 40 43 43
15 15 0 0
15 16 17 17
15 17 16 16
15 18 12 12
15 19 19 19
15 20 5 5
15 21 12 12
15 22 10 10
15 23 17 17
15 24 13 13
15 25 18 18
15 26 11 11
15 27 14 14
15 28 55 55
15 29 65 65
15 30 57 57
15 31 56 56
15 32 58 58
15 33 58 58
15 34 53 53
15 35 56 56
15 36 47 47
15 37 54 54
15 38 52 52
15 39 59 59
15 40 52 52
16 16 0 0
16 17 17 17
16 18 16 16
16 19 12 12
16 20 13 13
16 21 6 6
16 22 10 10
16 23 22 22
16 24 9 9
16 25 1 1
16 26 8 8
16 27 4 4
16 28 39 39
16 29 49 49
16 30 43 43
16 31 40 40
16 32 42 42
16 33 44 44
16 34 36 36
16 35 42 42
16 36 32 32
16 37 39 39
16 38 39 39
16 39 44 44
16 40 37 37
17 17 0 0
17 18 4 4
17 19 8 8
17 20 12 12
17 21 17 17
17 22 9 9
17 23 5 5
17 24 8 8
17 25 18 18
17 26 10 10
17 27 18 18
17 28 46 46
17 29 54 54
17 30 44 44
17 31 48 48
17 32 50 50
17 33 46 46
17 34 45 45
17 35 43 43
17 36 35 35
17 37 44 44
17 38 38 38
17 39 47 47
17 40 42 42
18 18 0 0
18 19 10 10
18 20 8 8
18 21 15 15
18 22 6 6
18 23 6 6
18 24 6 6
18 25 17 17
18 26 8 8
18 27 16 16
18 28 48 48
18 29 56 56
18 30 47 47
18 31 50 50
18 32 52 52
18 33 49 49
18 34 47 47
18 35 46 46
18 36 38 38
18 37 47 47
18 38 42 42
18 39 50 50
18 40 44 44
19 19 0 0
19 20 14 14
19 21 15 15
19 22 9 9
19 23 13 13
19 24 7 7
19 25 13 13
19 26 9 9
19 27 14 14
19 28 39 39
19 29 47 47
19 30 38 38
19 31 40 40
19 32 42 42
19 33 39 39
19 34 37 37
19 35 37 37
19 36 28 28
19 37 37 37
19 38 33 33
19 39 40 40
19 40 34 34
20 20 0 0
20 21 9 9
20 22 5 5
20 23 14 14
20 24 8 8
20 25 14 14
20 26 6 6
20 27 11 11
20 28 51 51
20 29 60 60
20 30 52 52
20 31 52 52
20 32 54 54
20 33 53 53
20 34 48 48
20 35 51 51
20 36 42 42
20 37 50 50
20 38 47 47
20 39 54 54
20 40 47 47
21 21 0 0
21 22 9 9
21 23 21 21
21 24 10 10
21 25 6 6
21 26 7 7
21 27 2 2
21 28 44 44
21 29 55 55
21 30 48 48
21 31 45 45
21 32 47 47
21 33 49 49
21 34 42 42
21 35 47 47
21 36 38 38
21 37 45 45
21 38 44 44
21 39 50 50
21 40 42 42
22 22 0 0
22 23 12 12
22 24 3 3
22 25 11 11
22 26 2 2
22 27 10 10
22 28 46 46
22 29 55 55
22 30 47 47
22 31 48 48
22 32 49 49
22 33 48 48
22 34 44 44
22 35 46 46
22 36 37 37
22 37 45 45
22 38 42 42
22 39 49 49
22 40 43 43
23 23 0 0
23 24 12 12
23 25 22 22
23 26 14 14
23 27 22 22
23 28 51 51
23 29 58 58
23 30 48 48
23 31 53 53
23 32 55 55
23 33 50 50
23 34 49 49
23 35 47 47
23 36 40 40
23 37 48 48
23 38 42 42
23 39 51 51
23 40 46 46
24 24 0 0
24 25 10 10
24 26 3 3
24 27 10 10
24 28 43 43
24 29 52 52
24 30 44 44
24 31 45 45
24 32 47 47
24 33 45 45
24 34 41 41
24 35 43 43
24 36 34 34
24 37 42 42
24 38 39 39
24 39 46 46
24 40 40 40
25 25 0 0
25 26 9 9
25 27 4 4
25 28 38 38
25 29 49 49
25 30 42 42
25 31 39 39
25 32 41 41
25 33 43 43
25 34 36 36
25 35 41 41
25 36 32 32
25 37 38 38
25 38 38 38
25 39 44 44
25 40 36 36
26 26 0 0
26 27 8 8
26 28 45 45
26 29 54 54
26 30 46 46
26 31 46 46
26 32 48 48
26 33 47 47
26 34 43 43
26 35 45 45
26 36 36 36
26 37 44 44
26 38 41 41
26 39 48 48
26 40 42 42
27 27 0 0
27 28 42 42
27 29 53 53
27 30 46 46
27 31 43 43
27 32 45 45
27 33 47 47
27 34 40 40
27 35 45 45
27 36 36 36
27 37 42 42
27 38 42 42
27 39 48 48
27 40 40 40
28 28 0 0
28 29 13 13
28 30 17 17
28 31 2 2
28 32 4 4
28 33 14 14
28 34 3 3
28 35 16 16
28 36 14 14
28 37 6 6
28 38 20 20
28 39 14 14
28 40 7 7
29 29 0 0
29 30 12 12
29 31 14 14
29 32 14 14
29 33 9 9
29 34 16 16
29 35 12 12
29 36 18 18
29 37 11 11
29 38 18 18
29 39 8 8
29 40 13 13
30 30 0 0
30 31 19 19
30 32 20 20
30 33 3 3
30 34 19 19
30 35 1 1
30 36 11 11
30 37 10 10
30 38 6 6
30 39 4 4
30 40 10 10
31 31 0 0
31 32 2 2
31 33 16 16
31 34 4 4
31 35 18 18
31 36 16 16
31 37 8 8
31 38 22 22
31 39 16 16
31 40 9 9
32 32 0 0
32 33 17 17
32 34 5 5
32 35 19 19
32 36 18 18
32 37 10 10
32 38 24 24
32 39 17 17
32 40 11 11
33 33 0 0
33 34 17 17
33 35 3 3
33 36 11 11
33 37 8 8
33 38 9 9
33 39 1 1
33 40 9 9
34 34 0 0
34 35 18 18
34 36 14 14
34 37 9 9
34 38 21 21
34 39 16 16
34 40 9 9
35 35 0 0
35 36 10 10
35 37 9 9
35 38 6 6
35 39 4 4
35 40 9 9
36 36 0 0
36 37 9 9
36 38 9 9
36 39 12 12
36 40 7 7
37 37 0 0
37 38 14 14
37 39 8 8
37 40 2 2
38 38 0 0
38 39 10 10
38 40 13 13
39 39 0 0
39 40 9 9
40 40 0 0
