40
5
15
4
3
7
15
40
6
8
13
22
30
32
35
1 1 0 0
1 2 2 2
1 3 6 6
1 4 3 3
1 5 7 7
1 6 9 9
1 7 7 7
1 8 11 11
1 9 8 8
1 10 11 11
1 11 1 1
1 12 8 8
1 13 2 2
1 14 7 7
1 15 50 50
1 16 45 45
1 17 43 43
1 18 44 44
1 19 45 45
1 20 58 58
1 21 48 48
1 22 53 53
1 23 57 57
1 24 51 51
1 25 52 52
1 26 42 42
1 27 58 58
1 28 42 42
1 29 41 41
1 30 45 45
1 31 46 46
1 32 57 57
1 33 46 46
1 34 40 40
1 35 35 35
1 36 50 50
1 37 42 42
1 38 53 53
1 39 51 51
1 40 35 35
2 2 0 0
2 3 7 7
2 4 3 3
2 5 5 5
2 6 6 6
2 7 6 6
2 8 12 12
2 9 9 9
2 10 9 9
2 11 1 1
2 12 9 9
2 13 4 4
2 14 8 8
2 15 52 52
2 16 47 47
2 17 45 45
2 18 46 46
2 19 47 47
2 20 60 60
2 21 50 50
2 22 55 55
2 23 59 59
2 24 53 53
2 25 54 54
2 26 44 44
2 27 60 60
2 28 44 44
2 29 43 43
2 30 47 47
2 31 48 48
2 32 59 59
2 33 48 48
2 34 42 42
2 35 37 37
2 36 52 52
2 37 44 44
2 38 55 55
2 39 53 53
2 40 37 37
3 3 0 0
3 4 9 9
3 5 9 9
3 6 13 13
3 7 8 8
3 8 15 15
3 9 12 12
3 10 15 15
3 11 6 6
3 12 11 11
3 13 6 6
3 14 11 11
3 15 50 50
3 16 44 44
3 17 44 44
3 18 43 43
3 19 46 46
3 20 58 58
3 21 47 47
3 22 53 53
3 23 57 57
3 24 51 51
3 25 51 51
3 26 42 42
3 27 58 58
3 28 37 37
3 29 37 37
3 30 40 40
3 31 41 41
3 32 52 52
3 33 41 41
3 34 34 34
3 35 30 30
3 36 45 45
3 37 37 37
3 38 49 49
3 39 47 47
3 40 30 30
4 4 0 0
4 5 8 8
4 6 7 7
4 7 9 9
4 8 9 9
4 9 7 7
4 10 9 9
4 11 3 3
4 12 7 7
4 13 4 4
4 14 6 6
4 15 50 50
4 16 46 46
4 17 42 42
4 18 45 45
4 19 45 45
4 20 58 58
4 21 49 49
4 22 54 54
4 23 58 58
4 24 51 51
4 25 53 53
4 26 42 42
4 27 58 58
4 28 45 45
4 29 43 43
4 30 47 47
4 31 49 49
4 32 59 59
4 33 49 49
4 34 43 43
4 35 38 38
4 36 52 52
4 37 45 45
4 38 56 56
4 39 53 53
4 40 38 38
5 5 0 0
5 6 5 5
5 7 2 2
5 8 17 17
5 9 15 15
5 10 6 6
5 11 6 6
5 12 14 14
5 13 9 9
5 14 13 13
5 15 57 57
5 16 52 52
5 17 50 50
5 18 51 51
5 19 52 52
5 20 65 65
5 21 55 55
5 22 60 60
5 23 64 64
5 24 58 58
5 25 59 59
5 26 49 49
5 27 65 65
5 28 45 45
5 29 46 46
5 30 50 50
5 31 50 50
5 32 61 61
5 33 49 49
5 34 43 43
5 35 40 40
5 36 54 54
5 37 45 45
5 38 58 58
5 39 56 56
5 40 40 40
6 6 0 0
6 7 7 7
6 8 15 15
6 9 14 14
6 10 2 2
6 11 8 8
6 12 14 14
6 13 10 10
6 14 13 13
6 15 58 58
6 16 53 53
6 17 49 49
6 18 52 52
6 19 52 52
6 20 65 65
6 21 56 56
6 22 61 61
6 23 65 65
6 24 58 58
6 25 60 60
6 26 49 49
6 27 66 66
6 28 50 50
6 29 50 50
6 30 53 53
6 31 54 54
6 32 65 65
6 33 54 54
6 34 47 47
6 35 43 43
6 36 58 58
6 37 50 50
6 38 62 62
6 39 59 59
6 40 43 43
7 7 0 0
7 8 17 17
7 9 15 15
7 10 8 8
7 11 6 6
7 12 15 15
7 13 9 9
7 14 14 14
7 15 57 57
7 16 51 51
7 17 50 50
7 18 50 50
7 19 52 52
7 20 65 65
7 21 55 55
7 22 60 60
7 23 64 64
7 24 58 58
7 25 59 59
7 26 49 49
7 27 65 65
7 28 44 44
7 29 45 45
7 30 48 48
7 31 49 49
7 32 59 59
7 33 47 47
7 34 41 41
7 35 38 38
7 36 52 52
7 37 44 44
7 38 57 57
7 39 55 55
7 40 38 38
8 8 0 0
8 9 3 3
8 10 17 17
8 11 11 11
8 12 4 4
8 13 9 9
8 14 4 4
8 15 43 43
8 16 39 39
8 17 34 34
8 18 38 38
8 19 37 37
8 20 51 51
8 21 43 43
8 22 47 47
8 23 50 50
8 24 43 43
8 25 46 46
8 26 35 35
8 27 51 51
8 28 46 46
8 29 42 42
8 30 46 46
8 31 49 49
8 32 59 59
8 33 51 51
8 34 45 45
8 35 38 38
8 36 52 52
8 37 47 47
8 38 55 55
8 39 52 52
8 40 38 38
9 9 0 0
9 10 16 16
9 11 9 9
9 12 1 1
9 13 6 6
9 14 1 1
9 15 44 44
9 16 39 39
9 17 35 35
9 18 38 38
9 19 38 38
9 20 51 51
9 21 42 42
9 22 47 47
9 23 51 51
9 24 44 44
9 25 46 46
9 26 35 35
9 27 52 52
9 28 43 43
9 29 40 40
9 30 44 44
9 31 47 47
9 32 56 56
9 33 49 49
9 34 42 42
9 35 35 35
9 36 50 50
9 37 44 44
9 38 53 53
9 39 50 50
9 40 35 35
10 10 0 0
10 11 10 10
10 12 16 16
10 13 13 13
10 14 15 15
10 15 60 60
10 16 55 55
10 17 51 51
10 18 54 54
10 19 54 54
10 20 67 67
10 21 58 58
10 22 63 63
10 23 67 67
10 24 60 60
10 25 62 62
10 26 51 51
10 27 68 68
10 28 52 52
10 29 52 52
10 30 55 55
10 31 56 56
10 32 67 67
10 33 55 55
10 34 49 49
10 35 45 45
10 36 60 60
10 37 51 51
10 38 64 64
10 39 62 62
10 40 45 45
11 11 0 0
11 12 9 9
11 13 3 3
11 14 8 8
11 15 51 51
11 16 46 46
11 17 44 44
11 18 45 45
11 19 46 46
11 20 59 59
11 21 49 49
11 22 54 54
11 23 58 58
11 24 52 52
11 25 53 53
11 26 43 43
11 27 59 59
11 28 42 42
11 29 42 42
11 30 45 45
11 31 47 47
11 32 57 57
11 33 47 47
11 34 40 40
11 35 36 36
11 36 50 50
11 37 43 43
11 38 54 54
11 39 52 52
11 40 36 36
12 12 0 0
12 13 6 6
12 14 1 1
12 15 44 44
12 16 39 39
12 17 35 35
12 18 38 38
12 19 38 38
12 20 51 51
12 21 42 42
12 22 47 47
12 23 51 51
12 24 44 44
12 25 46 46
12 26 35 35
12 27 51 51
12 28 42 42
12 29 39 39
12 30 43 43
12 31 46 46
12 32 55 55
12 33 48 48
12 34 41 41
12 35 35 35
12 36 49 49
12 37 43 43
12 38 52 52
12 39 49 49
12 40 35 35
13 13 0 0
13 14 5 5
13 15 48 48
13 16 43 43
13 17 41 41
13 18 42 42
13 19 43 43
13 20 56 56
13 21 46 46
13 22 51 51
13 23 55 55
13 24 49 49
13 25 50 50
13 26 40 40
13 27 56 56
13 28 41 41
13 29 40 40
13 30 43 43
13 31 45 45
13 32 55 55
13 33 46 46
13 34 39 39
13 35 34 34
13 36 49 49
13 37 41 41
13 38 52 52
13 39 50 50
13 40 34 34
14 14 0 0
14 15 45 45
14 16 40 40
14 17 36 36
14 18 39 39
14 19 39 39
14 20 52 52
14 21 43 43
14 22 48 48
14 23 52 52
14 24 45 45
14 25 47 47
14 26 36 36
14 27 52 52
14 28 43 43
14 29 39 39
14 30 43 43
14 31 46 46
14 32 56 56
14 33 48 48
14 34 41 41
14 35 35 35
14 36 49 49
14 37 43 43
14 38 52 52
14 39 50 50
14 40 35 35
15 15 0 0
15 16 8 8
15 17 14 14
15 18 9 9
15 19 9 9
15 20 8 8
15 21 7 7
15 22 4 4
15 23 7 7
15 24 5 5
15 25 6 6
15 26 9 9
15 27 8 8
15 28 47 47
15 29 33 33
15 30 35 35
15 31 43 43
15 32 45 45
15 33 53 53
15 34 48 48
15 35 39 39
15 36 43 43
15 37 49 49
15 38 42 42
15 39 38 38
15 40 39 39
16 16 0 0
16 17 17 17
16 18 1 1
16 19 12 12
16 20 16 16
16 21 3 3
16 22 9 9
16 23 14 14
16 24 12 12
16 25 7 7
16 26 9 9
16 27 15 15
16 28 39 39
16 29 25 25
16 30 28 28
16 31 36 36
16 32 39 39
16 33 45 45
16 34 40 40
16 35 31 31
16 36 36 36
16 37 41 41
16 38 35 35
16 39 31 31
16 40 31 31
17 17 0 0
17 18 17 17
17 19 6 6
17 20 19 19
17 21 19 19
17 22 18 18
17 23 20 20
17 24 11 11
17 25 20 20
17 26 8 8
17 27 20 20
17 28 52 52
17 29 39 39
17 30 43 43
17 31 50 50
17 32 55 55
17 33 59 59
17 34 52 52
17 35 43 43
17 36 51 51
17 37 54 54
17 38 51 51
17 39 47 47
17 40 43 43
18 18 0 0
18 19 12 12
18 20 17 17
18 21 4 4
18 22 10 10
18 23 15 15
18 24 13 13
18 25 8 8
18 26 9 9
18 27 16 16
18 28 38 38
18 29 24 24
18 30 27 27
18 31 35 35
18 32 38 38
18 33 45 45
18 34 40 40
18 35 30 30
18 36 35 35
18 37 40 40
18 38 34 34
18 39 30 30
18 40 30 30
19 19 0 0
19 20 14 14
19 21 13 13
19 22 12 12
19 23 14 14
19 24 6 6
19 25 14 14
19 26 4 4
19 27 15 15
19 28 49 49
19 29 36 36
19 30 39 39
19 31 47 47
19 32 50 50
19 33 56 56
19 34 50 50
19 35 41 41
19 36 47 47
19 37 51 51
19 38 47 47
19 39 42 42
19 40 41 41
20 20 0 0
20 21 14 14
20 22 6 6
20 23 3 3
20 24 8 8
20 25 11 11
20 26 16 16
20 27 2 2
20 28 54 54
20 29 40 40
20 30 42 42
20 31 50 50
20 32 51 51
20 33 60 60
20 34 55 55
20 35 47 47
20 36 49 49
20 37 56 56
20 38 47 47
20 39 43 43
20 40 47 47
21 21 0 0
21 22 7 7
21 23 11 11
21 24 12 12
21 25 4 4
21 26 11 11
21 27 13 13
21 28 40 40
21 29 26 26
21 30 29 29
21 31 36 36
21 32 39 39
21 33 47 47
21 34 42 42
21 35 33 33
21 36 36 36
21 37 42 42
21 38 35 35
21 39 31 31
21 40 33 33
22 22 0 0
22 23 4 4
22 24 7 7
22 25 4 4
22 26 13 13
22 27 5 5
22 28 47 47
22 29 33 33
22 30 35 35
22 31 43 43
22 32 45 45
22 33 54 54
22 34 49 49
22 35 40 40
22 36 43 43
22 37 50 50
22 38 41 41
22 39 37 37
22 40 40 40
23 23 0 0
23 24 8 8
23 25 8 8
23 26 16 16
23 27 1 1
23 28 51 51
23 29 37 37
23 30 39 39
23 31 47 47
23 32 48 48
23 33 57 57
23 34 53 53
23 35 44 44
23 36 46 46
23 37 53 53
23 38 44 44
23 39 40 40
23 40 44 44
24 24 0 0
24 25 11 11
24 26 9 9
24 27 9 9
24 28 51 51
24 29 37 37
24 30 40 40
24 31 48 48
24 32 50 50
24 33 58 58
24 34 52 52
24 35 43 43
24 36 48 48
24 37 53 53
24 38 47 47
24 39 43 43
24 40 43 43
25 25 0 0
25 26 13 13
25 27 9 9
25 28 43 43
25 29 29 29
25 30 31 31
25 31 39 39
25 32 40 40
25 33 50 50
25 34 45 45
25 35 36 36
25 36 39 39
25 37 45 45
25 38 37 37
25 39 33 33
25 40 36 36
26 26 0 0
26 27 16 16
26 28 45 45
26 29 32 32
26 30 35 35
26 31 43 43
26 32 47 47
26 33 52 52
26 34 46 46
26 35 36 36
26 36 43 43
26 37 47 47
26 38 43 43
26 39 39 39
26 40 36 36
27 27 0 0
27 28 52 52
27 29 38 38
27 30 40 40
27 31 48 48
27 32 49 49
27 33 59 59
27 34 54 54
27 35 45 45
27 36 48 48
27 37 55 55
27 38 45 45
27 39 42 42
27 40 45 45
28 28 0 0
28 29 14 14
28 30 13 13
28 31 7 7
28 32 17 17
28 33 7 7
28 34 3 3
28 35 9 9
28 36 10 10
28 37 2 2
28 38 16 16
28 39 16 16
28 40 9 9
29 29 0 0
29 30 4 4
29 31 11 11
29 32 17 17
29 33 21 21
29 34 16 16
29 35 9 9
29 36 12 12
29 37 16 16
29 38 14 14
29 39 10 10
29 40 9 9
30 30 0 0
30 31 8 8
30 32 13 13
30 33 19 19
30 34 16 16
30 35 11 11
30 36 8 8
30 37 15 15
30 38 9 9
30 39 6 6
30 40 11 11
31 31 0 0
31 32 11 11
31 33 11 11
31 34 10 10
31 35 11 11
31 36 4 4
31 37 9 9
31 38 9 9
31 39 9 9
31 40 11 11
32 32 0 0
32 33 18 18
32 34 20 20
32 35 21 21
32 36 7 7
32 37 18 18
32 38 4 4
32 39 8 8
32 40 21 21
33 33 0 0
33 34 7 7
33 35 16 16
33 36 13 13
33 37 5 5
33 38 18 18
33 39 20 20
33 40 16 16
34 34 0 0
34 35 9 9
34 36 14 14
34 37 2 2
34 38 19 19
34 39 19 19
34 40 9 9
35 35 0 0
35 36 14 14
35 37 11 11
35 38 18 18
35 39 17 17
35 40 0 0
36 36 0 0
36 37 12 12
36 38 5 5
36 39 7 7
36 40 14 14
37 37 0 0
37 38 17 17
37 39 18 18
37 40 11 11
38 38 0 0
38 39 4 4
38 40 18 18
39 39 0 0
39 40 17 17
40 40 0 0
