40
5
15
4
7
19
24
38
6
5
7
8
19
26
40
1 1 0 0
1 2 6 6
1 3 3 3
1 4 9 9
1 5 9 9
1 6 13 13
1 7 3 3
1 8 14 14
1 9 9 9
1 10 8 8
1 11 8 8
1 12 9 9
1 13 7 7
1 14 14 14
1 15 46 46
1 16 38 38
1 17 42 42
1 18 36 36
1 19 49 49
1 20 43 43
1 21 55 55
1 22 53 53
1 23 37 37
1 24 47 47
1 25 41 41
1 26 52 52
1 27 51 51
1 28 49 49
1 29 38 38
1 30 51 51
1 31 41 41
1 32 47 47
1 33 35 35
1 34 49 49
1 35 34 34
1 36 40 40
1 37 35 35
1 38 41 41
1 39 42 42
1 40 45 45
2 2 0 0
2 3 7 7
2 4 5 5
2 5 4 4
2 6 6 6
2 7 4 4
2 8 12 12
2 9 9 9
2 10 11 11
2 11 6 6
2 12 8 8
2 13 10 10
2 14 10 10
2 15 50 50
2 16 44 44
2 17 47 47
2 18 42 42
2 19 54 54
2 20 49 49
2 21 59 59
2 22 58 58
2 23 42 42
2 24 52 52
2 25 46 46
2 26 58 58
2 27 57 57
2 28 49 49
2 29 38 38
2 30 50 50
2 31 42 42
2 32 46 46
2 33 34 34
2 34 49 49
2 35 34 34
2 36 41 41
2 37 34 34
2 38 40 40
2 39 42 42
2 40 44 44
3 3 0 0
3 4 11 11
3 5 10 10
3 6 12 12
3 7 3 3
3 8 11 11
3 9 6 6
3 10 5 5
3 11 6 6
3 12 7 7
3 13 4 4
3 14 12 12
3 15 49 49
3 16 40 40
3 17 45 45
3 18 38 38
3 19 51 51
3 20 45 45
3 21 57 57
3 22 55 55
3 23 39 39
3 24 49 49
3 25 43 43
3 26 54 54
3 27 53 53
3 28 52 52
3 29 41 41
3 30 54 54
3 31 44 44
3 32 50 50
3 33 38 38
3 34 52 52
3 35 37 37
3 36 43 43
3 37 38 38
3 38 44 44
3 39 45 45
3 40 47 47
4 4 0 0
4 5 2 2
4 6 9 9
4 7 8 8
4 8 17 17
4 9 14 14
4 10 16 16
4 11 11 11
4 12 13 13
4 13 15 15
4 14 15 15
4 15 48 48
4 16 43 43
4 17 45 45
4 18 41 41
4 19 53 53
4 20 48 48
4 21 57 57
4 22 56 56
4 23 41 41
4 24 51 51
4 25 45 45
4 26 57 57
4 27 56 56
4 28 44 44
4 29 33 33
4 30 45 45
4 31 37 37
4 32 41 41
4 33 29 29
4 34 44 44
4 35 29 29
4 36 37 37
4 37 28 28
4 38 35 35
4 39 36 36
4 40 39 39
5 5 0 0
5 6 6 6
5 7 7 7
5 8 15 15
5 9 12 12
5 10 15 15
5 11 9 9
5 12 12 12
5 13 14 14
5 14 13 13
5 15 50 50
5 16 45 45
5 17 47 47
5 18 43 43
5 19 54 54
5 20 49 49
5 21 59 59
5 22 58 58
5 23 42 42
5 24 52 52
5 25 47 47
5 26 59 59
5 27 57 57
5 28 46 46
5 29 35 35
5 30 47 47
5 31 39 39
5 32 43 43
5 33 31 31
5 34 46 46
5 35 31 31
5 36 39 39
5 37 30 30
5 38 37 37
5 39 38 38
5 40 41 41
6 6 0 0
6 7 9 9
6 8 11 11
6 9 10 10
6 10 15 15
6 11 8 8
6 12 9 9
6 13 14 14
6 14 8 8
6 15 56 56
6 16 50 50
6 17 53 53
6 18 48 48
6 19 60 60
6 20 55 55
6 21 65 65
6 22 64 64
6 23 48 48
6 24 58 58
6 25 52 52
6 26 64 64
6 27 63 63
6 28 52 52
6 29 41 41
6 30 53 53
6 31 45 45
6 32 48 48
6 33 36 36
6 34 52 52
6 35 37 37
6 36 45 45
6 37 35 35
6 38 43 43
6 39 44 44
6 40 46 46
7 7 0 0
7 8 12 12
7 9 7 7
7 10 8 8
7 11 5 5
7 12 7 7
7 13 7 7
7 14 11 11
7 15 49 49
7 16 41 41
7 17 45 45
7 18 39 39
7 19 52 52
7 20 46 46
7 21 57 57
7 22 56 56
7 23 40 40
7 24 50 50
7 25 44 44
7 26 55 55
7 27 54 54
7 28 50 50
7 29 39 39
7 30 52 52
7 31 42 42
7 32 48 48
7 33 36 36
7 34 50 50
7 35 35 35
7 36 42 42
7 37 35 35
7 38 42 42
7 39 43 43
7 40 45 45
8 8 0 0
8 9 5 5
8 10 10 10
8 11 6 6
8 12 4 4
8 13 9 9
8 14 4 4
8 15 60 60
8 16 51 51
8 17 56 56
8 18 49 49
8 19 62 62
8 20 56 56
8 21 68 68
8 22 66 66
8 23 50 50
8 24 60 60
8 25 54 54
8 26 65 65
8 27 64 64
8 28 61 61
8 29 50 50
8 30 62 62
8 31 54 54
8 32 58 58
8 33 46 46
8 34 61 61
8 35 46 46
8 36 53 53
8 37 45 45
8 38 52 52
8 39 54 54
8 40 56 56
9 9 0 0
9 10 6 6
9 11 3 3
9 12 1 1
9 13 4 4
9 14 7 7
9 15 55 55
9 16 46 46
9 17 51 51
9 18 44 44
9 19 57 57
9 20 51 51
9 21 63 63
9 22 61 61
9 23 45 45
9 24 55 55
9 25 49 49
9 26 60 60
9 27 59 59
9 28 57 57
9 29 46 46
9 30 59 59
9 31 50 50
9 32 54 54
9 33 43 43
9 34 57 57
9 35 42 42
9 36 49 49
9 37 42 42
9 38 49 49
9 39 50 50
9 40 52 52
10 10 0 0
10 11 8 8
10 12 7 7
10 13 1 1
10 14 13 13
10 15 51 51
10 16 41 41
10 17 47 47
10 18 39 39
10 19 53 53
10 20 46 46
10 21 59 59
10 22 57 57
10 23 41 41
10 24 51 51
10 25 45 45
10 26 55 55
10 27 54 54
10 28 56 56
10 29 46 46
10 30 58 58
10 31 49 49
10 32 55 55
10 33 43 43
10 34 57 57
10 35 41 41
10 36 48 48
10 37 43 43
10 38 48 48
10 39 50 50
10 40 52 52
11 11 0 0
11 12 2 2
11 13 6 6
11 14 6 6
11 15 54 54
11 16 46 46
11 17 50 50
11 18 44 44
11 19 57 57
11 20 51 51
11 21 63 63
11 22 61 61
11 23 45 45
11 24 55 55
11 25 49 49
11 26 60 60
11 27 59 59
11 28 55 55
11 29 44 44
11 30 56 56
11 31 47 47
11 32 52 52
11 33 40 40
11 34 55 55
11 35 40 40
11 36 47 47
11 37 39 39
11 38 46 46
11 39 47 47
11 40 50 50
12 12 0 0
12 13 6 6
12 14 5 5
12 15 56 56
12 16 47 47
12 17 52 52
12 18 45 45
12 19 58 58
12 20 52 52
12 21 64 64
12 22 62 62
12 23 46 46
12 24 56 56
12 25 50 50
12 26 61 61
12 27 60 60
12 28 57 57
12 29 46 46
12 30 58 58
12 31 49 49
12 32 54 54
12 33 42 42
12 34 57 57
12 35 42 42
12 36 49 49
12 37 42 42
12 38 48 48
12 39 50 50
12 40 52 52
13 13 0 0
13 14 11 11
13 15 52 52
13 16 42 42
13 17 48 48
13 18 40 40
13 19 53 53
13 20 47 47
13 21 60 60
13 22 58 58
13 23 42 42
13 24 51 51
13 25 45 45
13 26 56 56
13 27 55 55
13 28 56 56
13 29 45 45
13 30 58 58
13 31 48 48
13 32 54 54
13 33 43 43
13 34 56 56
13 35 41 41
13 36 47 47
13 37 42 42
13 38 48 48
13 39 50 50
13 40 52 52
14 14 0 0
14 15 60 60
14 16 52 52
14 17 56 56
14 18 50 50
14 19 63 63
14 20 57 57
14 21 69 69
14 22 67 67
14 23 51 51
14 24 61 61
14 25 55 55
14 26 66 66
14 27 65 65
14 28 59 59
14 29 48 48
14 30 60 60
14 31 52 52
14 32 55 55
14 33 43 43
14 34 59 59
14 35 44 44
14 36 52 52
14 37 42 42
14 38 50 50
14 39 51 51
14 40 53 53
15 15 0 0
15 16 17 17
15 17 5 5
15 18 17 17
15 19 10 10
15 20 13 13
15 21 9 9
15 22 11 11
15 23 11 11
15 24 9 9
15 25 11 11
15 26 17 17
15 27 15 15
15 28 34 34
15 29 33 33
15 30 38 38
15 31 29 29
15 32 40 40
15 33 39 39
15 34 36 36
15 35 32 32
15 36 25 25
15 37 42 42
15 38 35 35
15 39 38 38
15 40 39 39
16 16 0 0
16 17 12 12
16 18 2 2
16 19 13 13
16 20 5 5
16 21 21 21
16 22 17 17
16 23 7 7
16 24 11 11
16 25 6 6
16 26 14 14
16 27 13 13
16 28 46 46
16 29 41 41
16 30 49 49
16 31 39 39
16 32 50 50
16 33 45 45
16 34 47 47
16 35 38 38
16 36 35 35
16 37 48 48
16 38 43 43
16 39 47 47
16 40 48 48
17 17 0 0
17 18 12 12
17 19 9 9
17 20 9 9
17 21 12 12
17 22 12 12
17 23 6 6
17 24 7 7
17 25 6 6
17 26 16 16
17 27 13 13
17 28 37 37
17 29 33 33
17 30 40 40
17 31 31 31
17 32 42 42
17 33 40 40
17 34 38 38
17 35 32 32
17 36 27 27
17 37 43 43
17 38 36 36
17 39 39 39
17 40 40 40
18 18 0 0
18 19 14 14
18 20 7 7
18 21 22 22
18 22 18 18
18 23 6 6
18 24 12 12
18 25 6 6
18 26 16 16
18 27 15 15
18 28 45 45
18 29 39 39
18 30 48 48
18 31 37 37
18 32 48 48
18 33 44 44
18 34 46 46
18 35 36 36
18 36 34 34
18 37 46 46
18 38 42 42
18 39 45 45
18 40 47 47
19 19 0 0
19 20 7 7
19 21 9 9
19 22 4 4
19 23 12 12
19 24 2 2
19 25 8 8
19 26 8 8
19 27 5 5
19 28 44 44
19 29 42 42
19 30 47 47
19 31 39 39
19 32 50 50
19 33 48 48
19 34 46 46
19 35 40 40
19 36 35 35
19 37 51 51
19 38 44 44
19 39 48 48
19 40 49 49
20 20 0 0
20 21 16 16
20 22 11 11
20 23 8 8
20 24 6 6
20 25 4 4
20 26 9 9
20 27 8 8
20 28 46 46
20 29 41 41
20 30 49 49
20 31 39 39
20 32 50 50
20 33 47 47
20 34 47 47
20 35 39 39
20 36 35 35
20 37 50 50
20 38 44 44
20 39 48 48
20 40 49 49
21 21 0 0
21 22 6 6
21 23 18 18
21 24 10 10
21 25 15 15
21 26 14 14
21 27 12 12
21 28 41 41
21 29 41 41
21 30 44 44
21 31 37 37
21 32 47 47
21 33 48 48
21 34 43 43
21 35 40 40
21 36 33 33
21 37 51 51
21 38 43 43
21 39 46 46
21 40 47 47
22 22 0 0
22 23 16 16
22 24 6 6
22 25 12 12
22 26 8 8
22 27 6 6
22 28 45 45
22 29 44 44
22 30 49 49
22 31 40 40
22 32 51 51
22 33 51 51
22 34 47 47
22 35 43 43
22 36 37 37
22 37 54 54
22 38 46 46
22 39 50 50
22 40 50 50
23 23 0 0
23 24 10 10
23 25 4 4
23 26 17 17
23 27 15 15
23 28 39 39
23 29 34 34
23 30 42 42
23 31 32 32
23 32 43 43
23 33 39 39
23 34 40 40
23 35 32 32
23 36 28 28
23 37 42 42
23 38 37 37
23 39 40 40
23 40 42 42
24 24 0 0
24 25 6 6
24 26 9 9
24 27 6 6
24 28 43 43
24 29 40 40
24 30 47 47
24 31 37 37
24 32 49 49
24 33 47 47
24 34 45 45
24 35 39 39
24 36 34 34
24 37 50 50
24 38 43 43
24 39 46 46
24 40 47 47
25 25 0 0
25 26 13 13
25 27 11 11
25 28 42 42
25 29 38 38
25 30 45 45
25 31 35 35
25 32 47 47
25 33 43 43
25 34 43 43
25 35 36 36
25 36 32 32
25 37 46 46
25 38 40 40
25 39 44 44
25 40 45 45
26 26 0 0
26 27 2 2
26 28 52 52
26 29 49 49
26 30 55 55
26 31 46 46
26 32 57 57
26 33 55 55
26 34 53 53
26 35 47 47
26 36 42 42
26 37 58 58
26 38 51 51
26 39 55 55
26 40 56 56
27 27 0 0
27 28 50 50
27 29 47 47
27 30 53 53
27 31 44 44
27 32 55 55
27 33 53 53
27 34 51 51
27 35 45 45
27 36 40 40
27 37 56 56
27 38 49 49
27 39 53 53
27 40 54 54
28 28 0 0
28 29 11 11
28 30 3 3
28 31 8 8
28 32 7 7
28 33 17 17
28 34 1 1
28 35 15 15
28 36 11 11
28 37 19 19
28 38 9 9
28 39 9 9
28 40 8 8
29 29 0 0
29 30 13 13
29 31 5 5
29 32 10 10
29 33 8 8
29 34 11 11
29 35 4 4
29 36 8 8
29 37 11 11
29 38 3 3
29 39 6 6
29 40 8 8
30 30 0 0
30 31 11 11
30 32 6 6
30 33 17 17
30 34 2 2
30 35 17 17
30 36 14 14
30 37 19 19
30 38 10 10
30 39 9 9
30 40 8 8
31 31 0 0
31 32 11 11
31 33 13 13
31 34 9 9
31 35 8 8
31 36 4 4
31 37 16 16
31 38 6 6
31 39 9 9
31 40 10 10
32 32 0 0
32 33 12 12
32 34 6 6
32 35 14 14
32 36 15 15
32 37 14 14
32 38 7 7
32 39 4 4
32 40 2 2
33 33 0 0
33 34 16 16
33 35 8 8
33 36 16 16
33 37 3 3
33 38 8 8
33 39 8 8
33 40 10 10
34 34 0 0
34 35 15 15
34 36 12 12
34 37 18 18
34 38 8 8
34 39 9 9
34 40 7 7
35 35 0 0
35 36 9 9
35 37 11 11
35 38 7 7
35 39 10 10
35 40 12 12
36 36 0 0
36 37 19 19
36 38 9 9
36 39 13 13
36 40 14 14
37 37 0 0
37 38 11 11
37 39 10 10
37 40 12 12
38 38 0 0
38 39 4 4
38 40 5 5
39 39 0 0
39 40 2 2
40 40 0 0
