40
5
15
4
14
21
28
31
6
9
10
12
13
21
38
1 1 0 0
1 2 10 10
1 3 12 12
1 4 14 14
1 5 9 9
1 6 11 11
1 7 15 15
1 8 16 16
1 9 7 7
1 10 6 6
1 11 19 19
1 12 6 6
1 13 13 13
1 14 2 2
1 15 42 42
1 16 39 39
1 17 48 48
1 18 40 40
1 19 37 37
1 20 36 36
1 21 46 46
1 22 36 36
1 23 50 50
1 24 41 41
1 25 47 47
1 26 37 37
1 27 46 46
1 28 38 38
1 29 43 43
1 30 49 49
1 31 38 38
1 32 41 41
1 33 28 28
1 34 32 32
1 35 31 31
1 36 41 41
1 37 28 28
1 38 30 30
1 39 38 38
1 40 44 44
2 2 0 0
2 3 11 11
2 4 15 15
2 5 7 7
2 6 3 3
2 7 9 9
2 8 6 6
2 9 10 10
2 10 16 16
2 11 12 12
2 12 14 14
2 13 3 3
2 14 8 8
2 15 46 46
2 16 45 45
2 17 54 54
2 18 46 46
2 19 43 43
2 20 40 40
2 21 52 52
2 22 42 42
2 23 56 56
2 24 45 45
2 25 51 51
2 26 40 40
2 27 52 52
2 28 48 48
2 29 53 53
2 30 59 59
2 31 49 49
2 32 51 51
2 33 38 38
2 34 42 42
2 35 41 41
2 36 52 52
2 37 38 38
2 38 40 40
2 39 48 48
2 40 54 54
3 3 0 0
3 4 4 4
3 5 17 17
3 6 14 14
3 7 6 6
3 8 11 11
3 9 5 5
3 10 13 13
3 11 10 10
3 12 10 10
3 13 14 14
3 14 11 11
3 15 54 54
3 16 51 51
3 17 60 60
3 18 52 52
3 19 49 49
3 20 48 48
3 21 58 58
3 22 48 48
3 23 62 62
3 24 53 53
3 25 59 59
3 26 49 49
3 27 58 58
3 28 44 44
3 29 50 50
3 30 56 56
3 31 47 47
3 32 46 46
3 33 35 35
3 34 37 37
3 35 38 38
3 36 46 46
3 37 35 35
3 38 38 38
3 39 45 45
3 40 49 49
4 4 0 0
4 5 20 20
4 6 18 18
4 7 9 9
4 8 14 14
4 9 7 7
4 10 13 13
4 11 12 12
4 12 11 11
4 13 17 17
4 14 14 14
4 15 57 57
4 16 53 53
4 17 62 62
4 18 54 54
4 19 51 51
4 20 50 50
4 21 60 60
4 22 50 50
4 23 64 64
4 24 55 55
4 25 61 61
4 26 51 51
4 27 60 60
4 28 43 43
4 29 49 49
4 30 55 55
4 31 47 47
4 32 44 44
4 33 35 35
4 34 36 36
4 35 38 38
4 36 45 45
4 37 34 34
4 38 37 37
4 39 44 44
4 40 48 48
5 5 0 0
5 6 5 5
5 7 16 16
5 8 13 13
5 9 13 13
5 10 15 15
5 11 19 19
5 12 15 15
5 13 8 8
5 14 8 8
5 15 39 39
5 16 38 38
5 17 47 47
5 18 39 39
5 19 36 36
5 20 33 33
5 21 45 45
5 22 35 35
5 23 49 49
5 24 38 38
5 25 44 44
5 26 33 33
5 27 45 45
5 28 46 46
5 29 50 50
5 30 55 55
5 31 45 45
5 32 50 50
5 33 36 36
5 34 40 40
5 35 38 38
5 36 50 50
5 37 35 35
5 38 37 37
5 39 45 45
5 40 52 52
6 6 0 0
6 7 12 12
6 8 8 8
6 9 13 13
6 10 17 17
6 11 14 14
6 12 16 16
6 13 2 2
6 14 9 9
6 15 44 44
6 16 43 43
6 17 53 53
6 18 44 44
6 19 41 41
6 20 38 38
6 21 51 51
6 22 41 41
6 23 55 55
6 24 43 43
6 25 49 49
6 26 38 38
6 27 50 50
6 28 50 50
6 29 54 54
6 30 60 60
6 31 49 49
6 32 53 53
6 33 39 39
6 34 43 43
6 35 42 42
6 36 53 53
6 37 39 39
6 38 41 41
6 39 49 49
6 40 55 55
7 7 0 0
7 8 6 6
7 9 10 10
7 10 18 18
7 11 4 4
7 12 16 16
7 13 11 11
7 14 14 14
7 15 55 55
7 16 53 53
7 17 63 63
7 18 54 54
7 19 51 51
7 20 49 49
7 21 61 61
7 22 50 50
7 23 64 64
7 24 54 54
7 25 60 60
7 26 49 49
7 27 60 60
7 28 50 50
7 29 55 55
7 30 62 62
7 31 52 52
7 32 52 52
7 33 41 41
7 34 43 43
7 35 44 44
7 36 52 52
7 37 40 40
7 38 43 43
7 39 50 50
7 40 55 55
8 8 0 0
8 9 13 13
8 10 20 20
8 11 6 6
8 12 18 18
8 13 6 6
8 14 13 13
8 15 52 52
8 16 51 51
8 17 60 60
8 18 52 52
8 19 49 49
8 20 46 46
8 21 58 58
8 22 49 49
8 23 62 62
8 24 51 51
8 25 57 57
8 26 46 46
8 27 58 58
8 28 53 53
8 29 58 58
8 30 64 64
8 31 54 54
8 32 55 55
8 33 43 43
8 34 46 46
8 35 46 46
8 36 56 56
8 37 43 43
8 38 45 45
8 39 53 53
8 40 58 58
9 9 0 0
9 10 8 8
9 11 14 14
9 12 6 6
9 13 13 13
9 14 7 7
9 15 49 49
9 16 46 46
9 17 55 55
9 18 47 47
9 19 44 44
9 20 43 43
9 21 53 53
9 22 43 43
9 23 57 57
9 24 48 48
9 25 54 54
9 26 44 44
9 27 53 53
9 28 40 40
9 29 46 46
9 30 52 52
9 31 42 42
9 32 43 43
9 33 31 31
9 34 34 34
9 35 34 34
9 36 43 43
9 37 31 31
9 38 33 33
9 39 41 41
9 40 46 46
10 10 0 0
10 11 22 22
10 12 2 2
10 13 18 18
10 14 8 8
10 15 45 45
10 16 41 41
10 17 49 49
10 18 42 42
10 19 39 39
10 20 38 38
10 21 47 47
10 22 37 37
10 23 51 51
10 24 44 44
10 25 49 49
10 26 40 40
10 27 48 48
10 28 33 33
10 29 38 38
10 30 44 44
10 31 35 35
10 32 36 36
10 33 24 24
10 34 26 26
10 35 26 26
10 36 36 36
10 37 23 23
10 38 25 25
10 39 33 33
10 40 38 38
11 11 0 0
11 12 20 20
11 13 12 12
11 14 17 17
11 15 58 58
11 16 56 56
11 17 66 66
11 18 58 58
11 19 54 54
11 20 52 52
11 21 64 64
11 22 54 54
11 23 68 68
11 24 57 57
11 25 63 63
11 26 52 52
11 27 64 64
11 28 54 54
11 29 60 60
11 30 66 66
11 31 57 57
11 32 56 56
11 33 45 45
11 34 47 47
11 35 48 48
11 36 56 56
11 37 45 45
11 38 47 47
11 39 55 55
11 40 59 59
12 12 0 0
12 13 17 17
12 14 7 7
12 15 46 46
12 16 43 43
12 17 51 51
12 18 43 43
12 19 41 41
12 20 40 40
12 21 49 49
12 22 39 39
12 23 53 53
12 24 45 45
12 25 51 51
12 26 42 42
12 27 49 49
12 28 35 35
12 29 40 40
12 30 46 46
12 31 37 37
12 32 37 37
12 33 26 26
12 34 28 28
12 35 28 28
12 36 38 38
12 37 25 25
12 38 28 28
12 39 35 35
12 40 40 40
13 13 0 0
13 14 11 11
13 15 46 46
13 16 45 45
13 17 55 55
13 18 46 46
13 19 43 43
13 20 40 40
13 21 53 53
13 22 43 43
13 23 57 57
13 24 45 45
13 25 51 51
13 26 40 40
13 27 52 52
13 28 51 51
13 29 55 55
13 30 61 61
13 31 51 51
13 32 54 54
13 33 41 41
13 34 45 45
13 35 43 43
13 36 54 54
13 37 41 41
13 38 43 43
13 39 51 51
13 40 57 57
14 14 0 0
14 15 43 43
14 16 40 40
14 17 49 49
14 18 41 41
14 19 38 38
14 20 36 36
14 21 47 47
14 22 37 37
14 23 51 51
14 24 42 42
14 25 48 48
14 26 37 37
14 27 47 47
14 28 40 40
14 29 45 45
14 30 51 51
14 31 41 41
14 32 43 43
14 33 30 30
14 34 34 34
14 35 33 33
14 36 44 44
14 37 30 30
14 38 32 32
14 39 40 40
14 40 46 46
15 15 0 0
15 16 8 8
15 17 14 14
15 18 9 9
15 19 9 9
15 20 7 7
15 21 13 13
15 22 12 12
15 23 15 15
15 24 1 1
15 25 5 5
15 26 6 6
15 27 10 10
15 28 54 54
15 29 51 51
15 30 53 53
15 31 43 43
15 32 59 59
15 33 45 45
15 34 51 51
15 35 44 44
15 36 58 58
15 37 45 45
15 38 43 43
15 39 49 49
15 40 57 57
16 16 0 0
16 17 10 10
16 18 1 1
16 19 2 2
16 20 6 6
16 21 8 8
16 22 4 4
16 23 12 12
16 24 7 7
16 25 10 10
16 26 11 11
16 27 7 7
16 28 46 46
16 29 43 43
16 30 45 45
16 31 35 35
16 32 51 51
16 33 37 37
16 34 43 43
16 35 36 36
16 36 50 50
16 37 38 38
16 38 35 35
16 39 41 41
16 40 49 49
17 17 0 0
17 18 9 9
17 19 12 12
17 20 16 16
17 21 2 2
17 22 12 12
17 23 2 2
17 24 14 14
17 25 11 11
17 26 19 19
17 27 4 4
17 28 49 49
17 29 44 44
17 30 45 45
17 31 37 37
17 32 54 54
17 33 42 42
17 34 47 47
17 35 40 40
17 36 53 53
17 37 43 43
17 38 39 39
17 39 43 43
17 40 51 51
18 18 0 0
18 19 3 3
18 20 8 8
18 21 7 7
18 22 4 4
18 23 10 10
18 24 8 8
18 25 10 10
18 26 12 12
18 27 6 6
18 28 46 46
18 29 42 42
18 30 44 44
18 31 35 35
18 32 51 51
18 33 37 37
18 34 43 43
18 35 36 36
18 36 50 50
18 37 38 38
18 38 35 35
18 39 40 40
18 40 49 49
19 19 0 0
19 20 5 5
19 21 10 10
19 22 3 3
19 23 14 14
19 24 8 8
19 25 11 11
19 26 10 10
19 27 9 9
19 28 45 45
19 29 42 42
19 30 44 44
19 31 35 35
19 32 50 50
19 33 36 36
19 34 42 42
19 35 35 35
19 36 49 49
19 37 37 37
19 38 34 34
19 39 40 40
19 40 48 48
20 20 0 0
20 21 14 14
20 22 8 8
20 23 17 17
20 24 5 5
20 25 11 11
20 26 5 5
20 27 13 13
20 28 48 48
20 29 46 46
20 30 49 49
20 31 39 39
20 32 53 53
20 33 39 39
20 34 45 45
20 35 38 38
20 36 53 53
20 37 39 39
20 38 37 37
20 39 43 43
20 40 52 52
21 21 0 0
21 22 10 10
21 23 4 4
21 24 13 13
21 25 11 11
21 26 18 18
21 27 3 3
21 28 47 47
21 29 43 43
21 30 44 44
21 31 36 36
21 32 52 52
21 33 40 40
21 34 46 46
21 35 38 38
21 36 52 52
21 37 41 41
21 38 38 38
21 39 42 42
21 40 50 50
22 22 0 0
22 23 14 14
22 24 11 11
22 25 14 14
22 26 13 13
22 27 10 10
22 28 42 42
22 29 39 39
22 30 41 41
22 31 31 31
22 32 47 47
22 33 33 33
22 34 39 39
22 35 32 32
22 36 46 46
22 37 34 34
22 38 31 31
22 39 37 37
22 40 45 45
23 23 0 0
23 24 15 15
23 25 12 12
23 26 21 21
23 27 5 5
23 28 50 50
23 29 45 45
23 30 46 46
23 31 38 38
23 32 55 55
23 33 44 44
23 34 49 49
23 35 42 42
23 36 54 54
23 37 44 44
23 38 41 41
23 39 45 45
23 40 52 52
24 24 0 0
24 25 6 6
24 26 6 6
24 27 10 10
24 28 52 52
24 29 50 50
24 30 52 52
24 31 42 42
24 32 57 57
24 33 43 43
24 34 49 49
24 35 42 42
24 36 57 57
24 37 44 44
24 38 42 42
24 39 47 47
24 40 56 56
25 25 0 0
25 26 11 11
25 27 8 8
25 28 56 56
25 29 52 52
25 30 54 54
25 31 45 45
25 32 61 61
25 33 47 47
25 34 53 53
25 35 46 46
25 36 60 60
25 37 48 48
25 38 45 45
25 39 50 50
25 40 59 59
26 26 0 0
26 27 16 16
26 28 53 53
26 29 51 51
26 30 54 54
26 31 43 43
26 32 58 58
26 33 43 43
26 34 49 49
26 35 42 42
26 36 57 57
26 37 44 44
26 38 42 42
26 39 48 48
26 40 57 57
27 27 0 0
27 28 50 50
27 29 45 45
27 30 47 47
27 31 38 38
27 32 55 55
27 33 42 42
27 34 48 48
27 35 40 40
27 36 54 54
27 37 43 43
27 38 40 40
27 39 44 44
27 40 52 52
28 28 0 0
28 29 8 8
28 30 14 14
28 31 13 13
28 32 5 5
28 33 11 11
28 34 7 7
28 35 10 10
28 36 4 4
28 37 11 11
28 38 11 11
28 39 6 6
28 40 5 5
29 29 0 0
29 30 6 6
29 31 8 8
29 32 11 11
29 33 14 14
29 34 13 13
29 35 12 12
29 36 10 10
29 37 15 15
29 38 13 13
29 39 5 5
29 40 7 7
30 30 0 0
30 31 11 11
30 32 16 16
30 33 21 21
30 34 19 19
30 35 18 18
30 36 15 15
30 37 21 21
30 38 19 19
30 39 11 11
30 40 11 11
31 31 0 0
31 32 17 17
31 33 12 12
31 34 14 14
31 35 9 9
31 36 16 16
31 37 13 13
31 38 9 9
31 39 7 7
31 40 14 14
32 32 0 0
32 33 15 15
32 34 10 10
32 35 15 15
32 36 1 1
32 37 15 15
32 38 16 16
32 39 11 11
32 40 5 5
33 33 0 0
33 34 6 6
33 35 3 3
33 36 15 15
33 37 1 1
33 38 3 3
33 39 9 9
33 40 16 16
34 34 0 0
34 35 7 7
34 36 10 10
34 37 5 5
34 38 8 8
34 39 9 9
34 40 12 12
35 35 0 0
35 36 15 15
35 37 4 4
35 38 1 1
35 39 7 7
35 40 15 15
36 36 0 0
36 37 15 15
36 38 16 16
36 39 10 10
36 40 4 4
37 37 0 0
37 38 4 4
37 39 10 10
37 40 16 16
38 38 0 0
38 39 8 8
38 40 16 16
39 39 0 0
39 40 9 9
40 40 0 0
