40
5
15
4
2
9
28
32
6
11
13
15
16
26
38
1 1 0 0
1 2 17 17
1 3 8 8
1 4 9 9
1 5 5 5
1 6 13 13
1 7 15 15
1 8 7 7
1 9 9 9
1 10 9 9
1 11 12 12
1 12 9 9
1 13 3 3
1 14 11 11
1 15 54 54
1 16 54 54
1 17 51 51
1 18 57 57
1 19 44 44
1 20 48 48
1 21 48 48
1 22 51 51
1 23 42 42
1 24 43 43
1 25 46 46
1 26 40 40
1 27 58 58
1 28 49 49
1 29 52 52
1 30 42 42
1 31 61 61
1 32 52 52
1 33 44 44
1 34 42 42
1 35 50 50
1 36 53 53
1 37 46 46
1 38 43 43
1 39 55 55
1 40 41 41
2 2 0 0
2 3 9 9
2 4 8 8
2 5 13 13
2 6 13 13
2 7 12 12
2 8 17 17
2 9 10 10
2 10 13 13
2 11 11 11
2 12 8 8
2 13 14 14
2 14 13 13
2 15 62 62
2 16 62 62
2 17 59 59
2 18 67 67
2 19 52 52
2 20 59 59
2 21 58 58
2 22 57 57
2 23 53 53
2 24 48 48
2 25 56 56
2 26 47 47
2 27 66 66
2 28 45 45
2 29 48 48
2 30 35 35
2 31 56 56
2 32 46 46
2 33 39 39
2 34 40 40
2 35 45 45
2 36 49 49
2 37 40 40
2 38 38 38
2 39 50 50
2 40 35 35
3 3 0 0
3 4 1 1
3 5 4 4
3 6 9 9
3 7 10 10
3 8 8 8
3 9 6 6
3 10 8 8
3 11 10 10
3 12 1 1
3 13 5 5
3 14 10 10
3 15 56 56
3 16 56 56
3 17 53 53
3 18 60 60
3 19 46 46
3 20 52 52
3 21 51 51
3 22 52 52
3 23 46 46
3 24 43 43
3 25 49 49
3 26 41 41
3 27 60 60
3 28 45 45
3 29 48 48
3 30 37 37
3 31 57 57
3 32 47 47
3 33 40 40
3 34 39 39
3 35 46 46
3 36 50 50
3 37 42 42
3 38 39 39
3 39 51 51
3 40 36 36
4 4 0 0
4 5 5 5
4 6 9 9
4 7 10 10
4 8 9 9
4 9 6 6
4 10 9 9
4 11 9 9
4 12 1 1
4 13 6 6
4 14 10 10
4 15 57 57
4 16 57 57
4 17 54 54
4 18 62 62
4 19 47 47
4 20 53 53
4 21 52 52
4 22 53 53
4 23 47 47
4 24 44 44
4 25 50 50
4 26 42 42
4 27 61 61
4 28 45 45
4 29 48 48
4 30 37 37
4 31 57 57
4 32 47 47
4 33 40 40
4 34 39 39
4 35 46 46
4 36 50 50
4 37 41 41
4 38 39 39
4 39 51 51
4 40 36 36
5 5 0 0
5 6 8 8
5 7 10 10
5 8 5 5
5 9 8 8
5 10 10 10
5 11 12 12
5 12 4 4
5 13 4 4
5 14 12 12
5 15 53 53
5 16 53 53
5 17 50 50
5 18 57 57
5 19 43 43
5 20 49 49
5 21 48 48
5 22 49 49
5 23 43 43
5 24 41 41
5 25 46 46
5 26 39 39
5 27 58 58
5 28 45 45
5 29 48 48
5 30 38 38
5 31 57 57
5 32 48 48
5 33 39 39
5 34 38 38
5 35 46 46
5 36 49 49
5 37 42 42
5 38 39 39
5 39 51 51
5 40 36 36
6 6 0 0
6 7 3 3
6 8 7 7
6 9 14 14
6 10 17 17
6 11 18 18
6 12 8 8
6 13 12 12
6 14 19 19
6 15 49 49
6 16 49 49
6 17 46 46
6 18 54 54
6 19 39 39
6 20 46 46
6 21 45 45
6 22 44 44
6 23 40 40
6 24 35 35
6 25 43 43
6 26 34 34
6 27 53 53
6 28 37 37
6 29 40 40
6 30 30 30
6 31 49 49
6 32 39 39
6 33 31 31
6 34 30 30
6 35 38 38
6 36 41 41
6 37 34 34
6 38 31 31
6 39 43 43
6 40 28 28
7 7 0 0
7 8 10 10
7 9 16 16
7 10 18 18
7 11 19 19
7 12 9 9
7 13 14 14
7 14 20 20
7 15 50 50
7 16 50 50
7 17 47 47
7 18 56 56
7 19 41 41
7 20 48 48
7 21 47 47
7 22 45 45
7 23 43 43
7 24 36 36
7 25 45 45
7 26 35 35
7 27 54 54
7 28 35 35
7 29 38 38
7 30 27 27
7 31 47 47
7 32 37 37
7 33 30 30
7 34 29 29
7 35 36 36
7 36 40 40
7 37 32 32
7 38 29 29
7 39 41 41
7 40 26 26
8 8 0 0
8 9 13 13
8 10 15 15
8 11 17 17
8 12 9 9
8 13 8 8
8 14 16 16
8 15 48 48
8 16 48 48
8 17 45 45
8 18 52 52
8 19 38 38
8 20 44 44
8 21 43 43
8 22 44 44
8 23 38 38
8 24 36 36
8 25 41 41
8 26 34 34
8 27 53 53
8 28 42 42
8 29 46 46
8 30 36 36
8 31 54 54
8 32 45 45
8 33 37 37
8 34 35 35
8 35 43 43
8 36 46 46
8 37 39 39
8 38 37 37
8 39 48 48
8 40 34 34
9 9 0 0
9 10 3 3
9 11 4 4
9 12 6 6
9 13 6 6
9 14 4 4
9 15 61 61
9 16 61 61
9 17 58 58
9 18 65 65
9 19 51 51
9 20 56 56
9 21 56 56
9 22 57 57
9 23 50 50
9 24 49 49
9 25 54 54
9 26 47 47
9 27 66 66
9 28 51 51
9 29 54 54
9 30 42 42
9 31 62 62
9 32 53 53
9 33 45 45
9 34 45 45
9 35 52 52
9 36 55 55
9 37 47 47
9 38 45 45
9 39 56 56
9 40 41 41
10 10 0 0
10 11 4 4
10 12 9 9
10 13 7 7
10 14 2 2
10 15 63 63
10 16 63 63
10 17 60 60
10 18 66 66
10 19 52 52
10 20 57 57
10 21 57 57
10 22 59 59
10 23 51 51
10 24 51 51
10 25 55 55
10 26 49 49
10 27 67 67
10 28 54 54
10 29 57 57
10 30 45 45
10 31 65 65
10 32 56 56
10 33 48 48
10 34 47 47
10 35 55 55
10 36 58 58
10 37 50 50
10 38 48 48
10 39 59 59
10 40 44 44
11 11 0 0
11 12 10 10
11 13 10 10
11 14 2 2
11 15 65 65
11 16 65 65
11 17 62 62
11 18 69 69
11 19 55 55
11 20 60 60
11 21 60 60
11 22 61 61
11 23 54 54
11 24 53 53
11 25 58 58
11 26 51 51
11 27 70 70
11 28 54 54
11 29 57 57
11 30 45 45
11 31 66 66
11 32 56 56
11 33 49 49
11 34 48 48
11 35 55 55
11 36 59 59
11 37 50 50
11 38 48 48
11 39 60 60
11 40 45 45
12 12 0 0
12 13 6 6
12 14 11 11
12 15 56 56
12 16 56 56
12 17 53 53
12 18 61 61
12 19 46 46
12 20 52 52
12 21 51 51
12 22 52 52
12 23 46 46
12 24 43 43
12 25 49 49
12 26 41 41
12 27 60 60
12 28 45 45
12 29 48 48
12 30 36 36
12 31 56 56
12 32 47 47
12 33 39 39
12 34 38 38
12 35 45 45
12 36 49 49
12 37 41 41
12 38 38 38
12 39 50 50
12 40 35 35
13 13 0 0
13 14 9 9
13 15 55 55
13 16 55 55
13 17 53 53
13 18 59 59
13 19 45 45
13 20 50 50
13 21 50 50
13 22 52 52
13 23 44 44
13 24 44 44
13 25 48 48
13 26 41 41
13 27 60 60
13 28 49 49
13 29 52 52
13 30 41 41
13 31 60 60
13 32 51 51
13 33 43 43
13 34 42 42
13 35 50 50
13 36 53 53
13 37 45 45
13 38 43 43
13 39 54 54
13 40 40 40
14 14 0 0
14 15 64 64
14 16 64 64
14 17 62 62
14 18 68 68
14 19 54 54
14 20 59 59
14 21 59 59
14 22 61 61
14 23 53 53
14 24 52 52
14 25 57 57
14 26 50 50
14 27 69 69
14 28 55 55
14 29 58 58
14 30 46 46
14 31 67 67
14 32 57 57
14 33 50 50
14 34 49 49
14 35 56 56
14 36 59 59
14 37 51 51
14 38 49 49
14 39 60 60
14 40 46 46
15 15 0 0
15 16 0 0
15 17 3 3
15 18 10 10
15 19 10 10
15 20 12 12
15 21 9 9
15 22 9 9
15 23 16 16
15 24 16 16
15 25 10 10
15 26 16 16
15 27 6 6
15 28 41 41
15 29 44 44
15 30 50 50
15 31 48 48
15 32 47 47
15 33 41 41
15 34 36 36
15 35 43 43
15 36 42 42
15 37 45 45
15 38 43 43
15 39 47 47
15 40 46 46
16 16 0 0
16 17 3 3
16 18 10 10
16 19 10 10
16 20 12 12
16 21 9 9
16 22 9 9
16 23 16 16
16 24 16 16
16 25 10 10
16 26 16 16
16 27 6 6
16 28 41 41
16 29 44 44
16 30 50 50
16 31 48 48
16 32 47 47
16 33 41 41
16 34 36 36
16 35 43 43
16 36 42 42
16 37 45 45
16 38 43 43
16 39 47 47
16 40 46 46
17 17 0 0
17 18 12 12
17 19 7 7
17 20 12 12
17 21 9 9
17 22 6 6
17 23 14 14
17 24 13 13
17 25 9 9
17 26 12 12
17 27 8 8
17 28 39 39
17 29 42 42
17 30 47 47
17 31 46 46
17 32 44 44
17 33 38 38
17 34 33 33
17 35 41 41
17 36 39 39
17 37 42 42
17 38 40 40
17 39 44 44
17 40 43 43
18 18 0 0
18 19 16 16
18 20 9 9
18 21 9 9
18 22 18 18
18 23 15 15
18 24 25 25
18 25 11 11
18 26 23 23
18 27 13 13
18 28 51 51
18 29 54 54
18 30 59 59
18 31 58 58
18 32 57 57
18 33 50 50
18 34 45 45
18 35 53 53
18 36 52 52
18 37 55 55
18 38 52 52
18 39 57 57
18 40 54 54
19 19 0 0
19 20 11 11
19 21 9 9
19 22 9 9
19 23 10 10
19 24 10 10
19 25 7 7
19 26 7 7
19 27 15 15
19 28 37 37
19 29 40 40
19 30 43 43
19 31 45 45
19 32 42 42
19 33 35 35
19 34 30 30
19 35 39 39
19 36 38 38
19 37 40 40
19 38 37 37
19 39 43 43
19 40 39 39
20 20 0 0
20 21 3 3
20 22 18 18
20 23 6 6
20 24 21 21
20 25 4 4
20 26 18 18
20 27 17 17
20 28 48 48
20 29 51 51
20 30 54 54
20 31 56 56
20 32 54 54
20 33 46 46
20 34 41 41
20 35 50 50
20 36 49 49
20 37 51 51
20 38 48 48
20 39 54 54
20 40 50 50
21 21 0 0
21 22 15 15
21 23 7 7
21 24 18 18
21 25 2 2
21 26 16 16
21 27 15 15
21 28 45 45
21 29 49 49
21 30 52 52
21 31 53 53
21 32 51 51
21 33 44 44
21 34 39 39
21 35 47 47
21 36 47 47
21 37 48 48
21 38 46 46
21 39 51 51
21 40 48 48
22 22 0 0
22 23 19 19
22 24 9 9
22 25 14 14
22 26 10 10
22 27 9 9
22 28 33 33
22 29 36 36
22 30 42 42
22 31 39 39
22 32 38 38
22 33 33 33
22 34 28 28
22 35 35 35
22 36 33 33
22 37 37 37
22 38 35 35
22 39 38 38
22 40 37 37
23 23 0 0
23 24 19 19
23 25 6 6
23 26 16 16
23 27 21 21
23 28 46 46
23 29 49 49
23 30 50 50
23 31 55 55
23 32 51 51
23 33 43 43
23 34 38 38
23 35 48 48
23 36 48 48
23 37 48 48
23 38 45 45
23 39 52 52
23 40 46 46
24 24 0 0
24 25 17 17
24 26 4 4
24 27 18 18
24 28 27 27
24 29 30 30
24 30 34 34
24 31 36 36
24 32 33 33
24 33 26 26
24 34 21 21
24 35 29 29
24 36 28 28
24 37 30 30
24 38 28 28
24 39 33 33
24 40 30 30
25 25 0 0
25 26 14 14
25 27 16 16
25 28 43 43
25 29 47 47
25 30 50 50
25 31 52 52
25 32 49 49
25 33 42 42
25 34 37 37
25 35 46 46
25 36 45 45
25 37 46 46
25 38 44 44
25 39 50 50
25 40 45 45
26 26 0 0
26 27 19 19
26 28 30 30
26 29 34 34
26 30 36 36
26 31 39 39
26 32 36 36
26 33 28 28
26 34 23 23
26 35 32 32
26 36 32 32
26 37 33 33
26 38 30 30
26 39 37 37
26 40 32 32
27 27 0 0
27 28 41 41
27 29 44 44
27 30 51 51
27 31 46 46
27 32 47 47
27 33 42 42
27 34 37 37
27 35 43 43
27 36 41 41
27 37 46 46
27 38 44 44
27 39 46 46
27 40 47 47
28 28 0 0
28 29 4 4
28 30 13 13
28 31 12 12
28 32 6 6
28 33 6 6
28 34 8 8
28 35 2 2
28 36 4 4
28 37 6 6
28 38 7 7
28 39 7 7
28 40 11 11
29 29 0 0
29 30 14 14
29 31 9 9
29 32 3 3
29 33 9 9
29 34 12 12
29 35 2 2
29 36 3 3
29 37 7 7
29 38 9 9
29 39 3 3
29 40 13 13
30 30 0 0
30 31 22 22
30 32 12 12
30 33 9 9
30 34 14 14
30 35 12 12
30 36 16 16
30 37 7 7
30 38 7 7
30 39 15 15
30 40 4 4
31 31 0 0
31 32 10 10
31 33 17 17
31 34 20 20
31 35 11 11
31 36 8 8
31 37 16 16
31 38 18 18
31 39 6 6
31 40 21 21
32 32 0 0
32 33 9 9
32 34 13 13
32 35 4 4
32 36 6 6
32 37 6 6
32 38 9 9
32 39 4 4
32 40 11 11
33 33 0 0
33 34 5 5
33 35 7 7
33 36 10 10
33 37 4 4
33 38 2 2
33 39 12 12
33 40 6 6
34 34 0 0
34 35 10 10
34 36 12 12
34 37 9 9
34 38 7 7
34 39 15 15
34 40 10 10
35 35 0 0
35 36 4 4
35 37 5 5
35 38 7 7
35 39 5 5
35 40 11 11
36 36 0 0
36 37 9 9
36 38 11 11
36 39 5 5
36 40 15 15
37 37 0 0
37 38 3 3
37 39 9 9
37 40 6 6
38 38 0 0
38 39 12 12
38 40 4 4
39 39 0 0
39 40 15 15
40 40 0 0
