20
5
10
2
3
7
3
4
6
14
1 1 0 0
1 2 3 3
1 3 3 3
1 4 1 1
1 5 4 4
1 6 2 2
1 7 5 5
1 8 23 23
1 9 20 20
1 10 20 20
1 11 23 23
1 12 23 23
1 13 21 21
1 14 23 23
1 15 21 21
1 16 23 23
1 17 22 22
1 18 19 19
1 19 19 19
1 20 21 21
2 2 0 0
2 3 3 3
2 4 2 2
2 5 2 2
2 6 1 1
2 7 3 3
2 8 22 22
2 9 19 19
2 10 19 19
2 11 22 22
2 12 22 22
2 13 20 20
2 14 22 22
2 15 23 23
2 16 25 25
2 17 24 24
2 18 21 21
2 19 21 21
2 20 23 23
3 3 0 0
3 4 3 3
3 5 1 1
3 6 3 3
3 7 2 2
3 8 20 20
3 9 17 17
3 10 17 17
3 11 20 20
3 12 20 20
3 13 18 18
3 14 20 20
3 15 20 20
3 16 23 23
3 17 22 22
3 18 19 19
3 19 19 19
3 20 20 20
4 4 0 0
4 5 3 3
4 6 1 1
4 7 4 4
4 8 23 23
4 9 20 20
4 10 20 20
4 11 23 23
4 12 23 23
4 13 21 21
4 14 23 23
4 15 22 22
4 16 24 24
4 17 23 23
4 18 20 20
4 19 20 20
4 20 22 22
5 5 0 0
5 6 3 3
5 7 1 1
5 8 20 20
5 9 17 17
5 10 17 17
5 11 20 20
5 12 20 20
5 13 18 18
5 14 20 20
5 15 21 21
5 16 24 24
5 17 22 22
5 18 20 20
5 19 20 20
5 20 21 21
6 6 0 0
6 7 4 4
6 8 23 23
6 9 20 20
6 10 20 20
6 11 23 23
6 12 23 23
6 13 21 21
6 14 23 23
6 15 23 23
6 16 25 25
6 17 24 24
6 18 21 21
6 19 21 21
6 20 22 22
7 7 0 0
7 8 19 19
7 9 16 16
7 10 16 16
7 11 19 19
7 12 19 19
7 13 17 17
7 14 19 19
7 15 21 21
7 16 24 24
7 17 23 23
7 18 20 20
7 19 20 20
7 20 22 22
8 8 0 0
8 9 3 3
8 10 4 4
8 11 3 3
8 12 1 1
8 13 2 2
8 14 0 0
8 15 18 18
8 16 23 23
8 17 22 22
8 18 20 20
8 19 20 20
8 20 20 20
9 9 0 0
9 10 1 1
9 11 4 4
9 12 3 3
9 13 1 1
9 14 3 3
9 15 18 18
9 16 22 22
9 17 22 22
9 18 19 19
9 19 19 19
9 20 20 20
10 10 0 0
10 11 3 3
10 12 3 3
10 13 1 1
10 14 4 4
10 15 19 19
10 16 23 23
10 17 23 23
10 18 20 20
10 19 20 20
10 20 21 21
11 11 0 0
11 12 2 2
11 13 3 3
11 14 3 3
11 15 21 21
11 16 25 25
11 17 25 25
11 18 22 22
11 19 22 22
11 20 23 23
12 12 0 0
12 13 2 2
12 14 1 1
12 15 19 19
12 16 24 24
12 17 23 23
12 18 21 21
12 19 21 21
12 20 21 21
13 13 0 0
13 14 2 2
13 15 18 18
13 16 23 23
13 17 22 22
13 18 20 20
13 19 20 20
13 20 20 20
14 14 0 0
14 15 18 18
14 16 23 23
14 17 22 22
14 18 20 20
14 19 20 20
14 20 20 20
15 15 0 0
15 16 4 4
15 17 4 4
15 18 3 3
15 19 3 3
15 20 2 2
16 16 0 0
16 17 1 1
16 18 4 4
16 19 4 4
16 20 3 3
17 17 0 0
17 18 3 3
17 19 3 3
17 20 2 2
18 18 0 0
18 19 0 0
18 20 1 1
19 19 0 0
19 20 1 1
20 20 0 0
