20
5
10
2
4
6
3
7
10
18
1 1 0 0
1 2 3 3
1 3 4 4
1 4 3 3
1 5 5 5
1 6 2 2
1 7 3 3
1 8 16 16
1 9 19 19
1 10 20 20
1 11 19 19
1 12 19 19
1 13 19 19
1 14 21 21
1 15 20 20
1 16 24 24
1 17 24 24
1 18 21 21
1 19 23 23
1 20 21 21
2 2 0 0
2 3 4 4
2 4 1 1
2 5 4 4
2 6 5 5
2 7 6 6
2 8 17 17
2 9 21 21
2 10 21 21
2 11 20 20
2 12 20 20
2 13 21 21
2 14 22 22
2 15 23 23
2 16 27 27
2 17 27 27
2 18 24 24
2 19 26 26
2 20 24 24
3 3 0 0
3 4 5 5
3 5 2 2
3 6 4 4
3 7 4 4
3 8 20 20
3 9 23 23
3 10 24 24
3 11 23 23
3 12 23 23
3 13 23 23
3 14 25 25
3 15 22 22
3 16 25 25
3 17 25 25
3 18 23 23
3 19 24 24
3 20 23 23
4 4 0 0
4 5 5 5
4 6 5 5
4 7 6 6
4 8 16 16
4 9 20 20
4 10 20 20
4 11 19 19
4 12 19 19
4 13 20 20
4 14 21 21
4 15 23 23
4 16 27 27
4 17 26 26
4 18 23 23
4 19 26 26
4 20 24 24
5 5 0 0
5 6 6 6
5 7 6 6
5 8 21 21
5 9 25 25
5 10 25 25
5 11 24 24
5 12 24 24
5 13 24 24
5 14 26 26
5 15 24 24
5 16 27 27
5 17 27 27
5 18 25 25
5 19 26 26
5 20 26 26
6 6 0 0
6 7 1 1
6 8 17 17
6 9 20 20
6 10 21 21
6 11 20 20
6 12 20 20
6 13 20 20
6 14 22 22
6 15 19 19
6 16 22 22
6 17 22 22
6 18 19 19
6 19 21 21
6 20 20 20
7 7 0 0
7 8 17 17
7 9 20 20
7 10 21 21
7 11 20 20
7 12 20 20
7 13 20 20
7 14 22 22
7 15 18 18
7 16 21 21
7 17 21 21
7 18 19 19
7 19 20 20
7 20 19 19
8 8 0 0
8 9 5 5
8 10 4 4
8 11 3 3
8 12 3 3
8 13 4 4
8 14 5 5
8 15 20 20
8 16 26 26
8 17 26 26
8 18 20 20
8 19 25 25
8 20 20 20
9 9 0 0
9 10 4 4
9 11 3 3
9 12 4 4
9 13 1 1
9 14 4 4
9 15 18 18
9 16 24 24
9 17 24 24
9 18 17 17
9 19 23 23
9 20 17 17
10 10 0 0
10 11 1 1
10 12 1 1
10 13 3 3
10 14 1 1
10 15 22 22
10 16 28 28
10 17 28 28
10 18 21 21
10 19 27 27
10 20 21 21
11 11 0 0
11 12 1 1
11 13 2 2
11 14 2 2
11 15 21 21
11 16 26 26
11 17 27 27
11 18 20 20
11 19 26 26
11 20 20 20
12 12 0 0
12 13 3 3
12 14 2 2
12 15 21 21
12 16 27 27
12 17 28 28
12 18 21 21
12 19 26 26
12 20 21 21
13 13 0 0
13 14 4 4
13 15 19 19
13 16 25 25
13 17 25 25
13 18 18 18
13 19 24 24
13 20 18 18
14 14 0 0
14 15 22 22
14 16 28 28
14 17 29 29
14 18 22 22
14 19 27 27
14 20 21 21
15 15 0 0
15 16 6 6
15 17 6 6
15 18 1 1
15 19 5 5
15 20 2 2
16 16 0 0
16 17 1 1
16 18 6 6
16 19 1 1
16 20 7 7
17 17 0 0
17 18 7 7
17 19 1 1
17 20 8 8
18 18 0 0
18 19 6 6
18 20 1 1
19 19 0 0
19 20 6 6
20 20 0 0
