20
5
10
2
5
11
3
2
10
13
1 1 0 0
1 2 3 3
1 3 2 2
1 4 5 5
1 5 4 4
1 6 3 3
1 7 1 1
1 8 21 21
1 9 24 24
1 10 22 22
1 11 24 24
1 12 18 18
1 13 19 19
1 14 24 24
1 15 26 26
1 16 25 25
1 17 27 27
1 18 27 27
1 19 27 27
1 20 22 22
2 2 0 0
2 3 3 3
2 4 2 2
2 5 4 4
2 6 1 1
2 7 2 2
2 8 21 21
2 9 25 25
2 10 23 23
2 11 24 24
2 12 19 19
2 13 20 20
2 14 25 25
2 15 24 24
2 16 22 22
2 17 25 25
2 18 25 25
2 19 24 24
2 20 20 20
3 3 0 0
3 4 5 5
3 5 6 6
3 6 4 4
3 7 1 1
3 8 23 23
3 9 26 26
3 10 24 24
3 11 26 26
3 12 20 20
3 13 21 21
3 14 26 26
3 15 27 27
3 16 25 25
3 17 28 28
3 18 28 28
3 19 27 27
3 20 23 23
4 4 0 0
4 5 5 5
4 6 3 3
4 7 4 4
4 8 22 22
4 9 26 26
4 10 24 24
4 11 25 25
4 12 20 20
4 13 21 21
4 14 26 26
4 15 22 22
4 16 21 21
4 17 23 23
4 18 23 23
4 19 23 23
4 20 19 19
5 5 0 0
5 6 3 3
5 7 4 4
5 8 17 17
5 9 21 21
5 10 19 19
5 11 20 20
5 12 15 15
5 13 16 16
5 14 21 21
5 15 22 22
5 16 21 21
5 17 23 23
5 18 24 24
5 19 23 23
5 20 18 18
6 6 0 0
6 7 2 2
6 8 20 20
6 9 24 24
6 10 22 22
6 11 23 23
6 12 18 18
6 13 19 19
6 14 24 24
6 15 23 23
6 16 22 22
6 17 24 24
6 18 24 24
6 19 24 24
6 20 20 20
7 7 0 0
7 8 21 21
7 9 25 25
7 10 23 23
7 11 25 25
7 12 19 19
7 13 20 20
7 14 25 25
7 15 25 25
7 16 24 24
7 17 26 26
7 18 27 27
7 19 26 26
7 20 22 22
8 8 0 0
8 9 6 6
8 10 2 2
8 11 3 3
8 12 4 4
8 13 3 3
8 14 5 5
8 15 21 21
8 16 21 21
8 17 22 22
8 18 24 24
8 19 23 23
8 20 18 18
9 9 0 0
9 10 4 4
9 11 6 6
9 12 6 6
9 13 5 5
9 14 2 2
9 15 28 28
9 16 27 27
9 17 29 29
9 18 31 31
9 19 29 29
9 20 24 24
10 10 0 0
10 11 2 2
10 12 4 4
10 13 4 4
10 14 3 3
10 15 23 23
10 16 23 23
10 17 24 24
10 18 26 26
10 19 25 25
10 20 20 20
11 11 0 0
11 12 6 6
11 13 6 6
11 14 4 4
11 15 22 22
11 16 22 22
11 17 23 23
11 18 25 25
11 19 24 24
11 20 19 19
12 12 0 0
12 13 1 1
12 14 6 6
12 15 23 23
12 16 23 23
12 17 24 24
12 18 26 26
12 19 25 25
12 20 20 20
13 13 0 0
13 14 5 5
13 15 24 24
13 16 23 23
13 17 25 25
13 18 26 26
13 19 25 25
13 20 20 20
14 14 0 0
14 15 26 26
14 16 26 26
14 17 27 27
14 18 29 29
14 19 27 27
14 20 23 23
15 15 0 0
15 16 1 1
15 17 1 1
15 18 3 3
15 19 1 1
15 20 4 4
16 16 0 0
16 17 2 2
16 18 3 3
16 19 2 2
16 20 3 3
17 17 0 0
17 18 2 2
17 19 1 1
17 20 5 5
18 18 0 0
18 19 1 1
18 20 6 6
19 19 0 0
19 20 5 5
20 20 0 0
