20
5
10
2
15
17
3
2
14
19
1 1 0 0
1 2 4 4
1 3 2 2
1 4 4 4
1 5 3 3
1 6 1 1
1 7 6 6
1 8 20 20
1 9 17 17
1 10 23 23
1 11 17 17
1 12 17 17
1 13 16 16
1 14 20 20
1 15 19 19
1 16 24 24
1 17 18 18
1 18 17 17
1 19 19 19
1 20 21 21
2 2 0 0
2 3 3 3
2 4 1 1
2 5 5 5
2 6 5 5
2 7 3 3
2 8 24 24
2 9 21 21
2 10 26 26
2 11 21 21
2 12 21 21
2 13 20 20
2 14 24 24
2 15 22 22
2 16 27 27
2 17 21 21
2 18 21 21
2 19 23 23
2 20 25 25
3 3 0 0
3 4 2 2
3 5 2 2
3 6 3 3
3 7 4 4
3 8 21 21
3 9 18 18
3 10 23 23
3 11 18 18
3 12 18 18
3 13 17 17
3 14 21 21
3 15 21 21
3 16 26 26
3 17 20 20
3 18 20 20
3 19 22 22
3 20 23 23
4 4 0 0
4 5 4 4
4 6 4 4
4 7 3 3
4 8 23 23
4 9 20 20
4 10 25 25
4 11 20 20
4 12 20 20
4 13 19 19
4 14 23 23
4 15 22 22
4 16 27 27
4 17 21 21
4 18 21 21
4 19 22 22
4 20 24 24
5 5 0 0
5 6 4 4
5 7 5 5
5 8 19 19
5 9 16 16
5 10 21 21
5 11 16 16
5 12 16 16
5 13 15 15
5 14 19 19
5 15 22 22
5 16 26 26
5 17 21 21
5 18 20 20
5 19 22 22
5 20 23 23
6 6 0 0
6 7 7 7
6 8 20 20
6 9 17 17
6 10 23 23
6 11 17 17
6 12 17 17
6 13 17 17
6 14 20 20
6 15 18 18
6 16 23 23
6 17 17 17
6 18 17 17
6 19 18 18
6 20 20 20
7 7 0 0
7 8 24 24
7 9 22 22
7 10 26 26
7 11 22 22
7 12 22 22
7 13 20 20
7 14 24 24
7 15 25 25
7 16 30 30
7 17 24 24
7 18 24 24
7 19 25 25
7 20 27 27
8 8 0 0
8 9 5 5
8 10 3 3
8 11 4 4
8 12 4 4
8 13 4 4
8 14 1 1
8 15 25 25
8 16 26 26
8 17 24 24
8 18 21 21
8 19 25 25
8 20 23 23
9 9 0 0
9 10 8 8
9 11 1 1
9 12 1 1
9 13 5 5
9 14 4 4
9 15 20 20
9 16 21 21
9 17 19 19
9 18 16 16
9 19 20 20
9 20 18 18
10 10 0 0
10 11 7 7
10 12 7 7
10 13 6 6
10 14 4 4
10 15 28 28
10 16 28 28
10 17 27 27
10 18 24 24
10 19 27 27
10 20 25 25
11 11 0 0
11 12 0 0
11 13 4 4
11 14 4 4
11 15 21 21
11 16 22 22
11 17 20 20
11 18 17 17
11 19 21 21
11 20 19 19
12 12 0 0
12 13 4 4
12 14 4 4
12 15 21 21
12 16 22 22
12 17 20 20
12 18 17 17
12 19 21 21
12 20 19 19
13 13 0 0
13 14 4 4
13 15 24 24
13 16 25 25
13 17 23 23
13 18 20 20
13 19 24 24
13 20 23 23
14 14 0 0
14 15 24 24
14 16 25 25
14 17 24 24
14 18 20 20
14 19 24 24
14 20 22 22
15 15 0 0
15 16 6 6
15 17 1 1
15 18 4 4
15 19 1 1
15 20 5 5
16 16 0 0
16 17 6 6
16 18 6 6
16 19 5 5
16 20 3 3
17 17 0 0
17 18 4 4
17 19 1 1
17 20 5 5
18 18 0 0
18 19 4 4
18 20 4 4
19 19 0 0
19 20 4 4
20 20 0 0
