20
5
10
2
7
11
3
2
6
19
1 1 0 0
1 2 6 6
1 3 6 6
1 4 5 5
1 5 2 2
1 6 3 3
1 7 6 6
1 8 22 22
1 9 22 22
1 10 24 24
1 11 22 22
1 12 18 18
1 13 24 24
1 14 24 24
1 15 20 20
1 16 22 22
1 17 24 24
1 18 17 17
1 19 19 19
1 20 16 16
2 2 0 0
2 3 5 5
2 4 3 3
2 5 4 4
2 6 5 5
2 7 4 4
2 8 19 19
2 9 20 20
2 10 21 21
2 11 19 19
2 12 16 16
2 13 20 20
2 14 21 21
2 15 22 22
2 16 26 26
2 17 27 27
2 18 21 21
2 19 22 22
2 20 20 20
3 3 0 0
3 4 2 2
3 5 4 4
3 6 8 8
3 7 1 1
3 8 24 24
3 9 25 25
3 10 26 26
3 11 24 24
3 12 21 21
3 13 25 25
3 14 26 26
3 15 26 26
3 16 29 29
3 17 30 30
3 18 23 23
3 19 25 25
3 20 22 22
4 4 0 0
4 5 3 3
4 6 6 6
4 7 1 1
4 8 22 22
4 9 23 23
4 10 24 24
4 11 22 22
4 12 18 18
4 13 23 23
4 14 24 24
4 15 24 24
4 16 27 27
4 17 28 28
4 18 22 22
4 19 23 23
4 20 21 21
5 5 0 0
5 6 4 4
5 7 4 4
5 8 22 22
5 9 22 22
5 10 24 24
5 11 22 22
5 12 18 18
5 13 23 23
5 14 24 24
5 15 21 21
5 16 24 24
5 17 26 26
5 18 19 19
5 19 21 21
5 20 18 18
6 6 0 0
6 7 7 7
6 8 19 19
6 9 19 19
6 10 21 21
6 11 19 19
6 12 15 15
6 13 21 21
6 14 21 21
6 15 18 18
6 16 21 21
6 17 22 22
6 18 16 16
6 19 17 17
6 20 15 15
7 7 0 0
7 8 23 23
7 9 24 24
7 10 25 25
7 11 23 23
7 12 20 20
7 13 24 24
7 14 25 25
7 15 25 25
7 16 28 28
7 17 30 30
7 18 23 23
7 19 25 25
7 20 22 22
8 8 0 0
8 9 4 4
8 10 2 2
8 11 1 1
8 12 5 5
8 13 1 1
8 14 4 4
8 15 20 20
8 16 27 27
8 17 26 26
8 18 24 24
8 19 23 23
8 20 23 23
9 9 0 0
9 10 4 4
9 11 3 3
9 12 4 4
9 13 5 5
9 14 2 2
9 15 16 16
9 16 23 23
9 17 22 22
9 18 21 21
9 19 20 20
9 20 20 20
10 10 0 0
10 11 2 2
10 12 7 7
10 13 1 1
10 14 3 3
10 15 21 21
10 16 28 28
10 17 26 26
10 18 25 25
10 19 24 24
10 20 24 24
11 11 0 0
11 12 4 4
11 13 2 2
11 14 3 3
11 15 19 19
11 16 26 26
11 17 25 25
11 18 23 23
11 19 22 22
11 20 22 22
12 12 0 0
12 13 6 6
12 14 6 6
12 15 16 16
12 16 22 22
12 17 22 22
12 18 19 19
12 19 19 19
12 20 18 18
13 13 0 0
13 14 4 4
13 15 21 21
13 16 28 28
13 17 27 27
13 18 25 25
13 19 25 25
13 20 24 24
14 14 0 0
14 15 18 18
14 16 25 25
14 17 24 24
14 18 23 23
14 19 22 22
14 20 22 22
15 15 0 0
15 16 7 7
15 17 6 6
15 18 6 6
15 19 4 4
15 20 6 6
16 16 0 0
16 17 3 3
16 18 5 5
16 19 4 4
16 20 6 6
17 17 0 0
17 18 7 7
17 19 5 5
17 20 8 8
18 18 0 0
18 19 2 2
18 20 1 1
19 19 0 0
19 20 3 3
20 20 0 0
