20
0
10
2
6
20
3
4
8
20
1 1 0 0
1 2 3 3
1 3 3 3
1 4 6 6
1 5 4 4
1 6 2 2
1 7 2 2
1 8 22 22
1 9 16 16
1 10 16 16
1 11 19 19
1 12 19 19
1 13 20 20
1 14 16 16
1 15 22 22
1 16 26 26
1 17 22 22
1 18 21 21
1 19 28 28
1 20 27 27
2 2 0 0
2 3 3 3
2 4 6 6
2 5 6 6
2 6 1 1
2 7 5 5
2 8 20 20
2 9 14 14
2 10 14 14
2 11 16 16
2 12 17 17
2 13 18 18
2 14 14 14
2 15 19 19
2 16 23 23
2 17 19 19
2 18 18 18
2 19 25 25
2 20 24 24
3 3 0 0
3 4 3 3
3 5 4 4
3 6 4 4
3 7 4 4
3 8 23 23
3 9 17 17
3 10 17 17
3 11 19 19
3 12 20 20
3 13 21 21
3 14 17 17
3 15 20 20
3 16 23 23
3 17 19 19
3 18 18 18
3 19 26 26
3 20 25 25
4 4 0 0
4 5 5 5
4 6 6 6
4 7 6 6
4 8 25 25
4 9 19 19
4 10 19 19
4 11 21 21
4 12 22 22
4 13 23 23
4 14 20 20
4 15 20 20
4 16 22 22
4 17 18 18
4 18 17 17
4 19 25 25
4 20 24 24
5 5 0 0
5 6 6 6
5 7 2 2
5 8 26 26
5 9 20 20
5 10 20 20
5 11 23 23
5 12 23 23
5 13 24 24
5 14 20 20
5 15 24 24
5 16 27 27
5 17 23 23
5 18 22 22
5 19 30 30
5 20 29 29
6 6 0 0
6 7 4 4
6 8 20 20
6 9 14 14
6 10 14 14
6 11 16 16
6 12 17 17
6 13 18 18
6 14 14 14
6 15 20 20
6 16 24 24
6 17 20 20
6 18 19 19
6 19 26 26
6 20 25 25
7 7 0 0
7 8 24 24
7 9 18 18
7 10 18 18
7 11 21 21
7 12 21 21
7 13 23 23
7 14 18 18
7 15 24 24
7 16 27 27
7 17 23 23
7 18 22 22
7 19 30 30
7 20 29 29
8 8 0 0
8 9 6 6
8 10 6 6
8 11 4 4
8 12 3 3
8 13 2 2
8 14 7 7
8 15 19 19
8 16 25 25
8 17 24 24
8 18 23 23
8 19 24 24
8 20 25 25
9 9 0 0
9 10 1 1
9 11 3 3
9 12 3 3
9 13 4 4
9 14 4 4
9 15 17 17
9 16 22 22
9 17 21 21
9 18 20 20
9 19 22 22
9 20 23 23
10 10 0 0
10 11 4 4
10 12 3 3
10 13 4 4
10 14 3 3
10 15 18 18
10 16 23 23
10 17 21 21
10 18 21 21
10 19 23 23
10 20 24 24
11 11 0 0
11 12 2 2
11 13 2 2
11 14 6 6
11 15 16 16
11 16 21 21
11 17 20 20
11 18 19 19
11 19 21 21
11 20 22 22
12 12 0 0
12 13 1 1
12 14 5 5
12 15 18 18
12 16 23 23
12 17 22 22
12 18 21 21
12 19 23 23
12 20 24 24
13 13 0 0
13 14 6 6
13 15 17 17
13 16 23 23
13 17 22 22
13 18 21 21
13 19 22 22
13 20 23 23
14 14 0 0
14 15 21 21
14 16 26 26
14 17 24 24
14 18 23 23
14 19 26 26
14 20 27 27
15 15 0 0
15 16 5 5
15 17 5 5
15 18 5 5
15 19 6 6
15 20 6 6
16 16 0 0
16 17 4 4
16 18 5 5
16 19 3 3
16 20 1 1
17 17 0 0
17 18 1 1
17 19 7 7
17 20 6 6
18 18 0 0
18 19 8 8
18 20 6 6
19 19 0 0
19 20 2 2
20 20 0 0
