20
0
10
2
15
19
3
3
4
8
1 1 0 0
1 2 1 1
1 3 4 4
1 4 4 4
1 5 3 3
1 6 0 0
1 7 5 5
1 8 16 16
1 9 14 14
1 10 17 17
1 11 19 19
1 12 14 14
1 13 20 20
1 14 14 14
1 15 21 21
1 16 21 21
1 17 18 18
1 18 20 20
1 19 19 19
1 20 17 17
2 2 0 0
2 3 5 5
2 4 3 3
2 5 4 4
2 6 1 1
2 7 6 6
2 8 16 16
2 9 14 14
2 10 17 17
2 11 19 19
2 12 14 14
2 13 20 20
2 14 14 14
2 15 20 20
2 16 20 20
2 17 17 17
2 18 19 19
2 19 18 18
2 20 16 16
3 3 0 0
3 4 7 7
3 5 1 1
3 6 4 4
3 7 3 3
3 8 16 16
3 9 15 15
3 10 17 17
3 11 19 19
3 12 15 15
3 13 20 20
3 14 14 14
3 15 25 25
3 16 24 24
3 17 22 22
3 18 23 23
3 19 22 22
3 20 21 21
4 4 0 0
4 5 5 5
4 6 4 4
4 7 6 6
4 8 20 20
4 9 17 17
4 10 21 21
4 11 22 22
4 12 17 17
4 13 23 23
4 14 17 17
4 15 20 20
4 16 21 21
4 17 18 18
4 18 19 19
4 19 19 19
4 20 16 16
5 5 0 0
5 6 3 3
5 7 2 2
5 8 17 17
5 9 16 16
5 10 18 18
5 11 20 20
5 12 15 15
5 13 21 21
5 14 15 15
5 15 25 25
5 16 24 24
5 17 21 21
5 18 23 23
5 19 22 22
5 20 20 20
6 6 0 0
6 7 5 5
6 8 16 16
6 9 14 14
6 10 17 17
6 11 19 19
6 12 14 14
6 13 20 20
6 14 14 14
6 15 21 21
6 16 21 21
6 17 18 18
6 18 20 20
6 19 19 19
6 20 17 17
7 7 0 0
7 8 19 19
7 9 18 18
7 10 20 20
7 11 22 22
7 12 17 17
7 13 23 23
7 14 17 17
7 15 26 26
7 16 26 26
7 17 23 23
7 18 25 25
7 19 24 24
7 20 22 22
8 8 0 0
8 9 4 4
8 10 1 1
8 11 4 4
8 12 4 4
8 13 4 4
8 14 2 2
8 15 27 27
8 16 22 22
8 17 21 21
8 18 22 22
8 19 20 20
8 20 22 22
9 9 0 0
9 10 5 5
9 11 5 5
9 12 1 1
9 13 6 6
9 14 3 3
9 15 22 22
9 16 17 17
9 17 16 16
9 18 18 18
9 19 16 16
9 20 17 17
10 10 0 0
10 11 4 4
10 12 4 4
10 13 4 4
10 14 3 3
10 15 27 27
10 16 22 22
10 17 21 21
10 18 23 23
10 19 20 20
10 20 22 22
11 11 0 0
11 12 5 5
11 13 1 1
11 14 5 5
11 15 26 26
11 16 20 20
11 17 19 19
11 18 21 21
11 19 18 18
11 20 21 21
12 12 0 0
12 13 6 6
12 14 2 2
12 15 23 23
12 16 18 18
12 17 17 17
12 18 19 19
12 19 16 16
12 20 18 18
13 13 0 0
13 14 6 6
13 15 27 27
13 16 21 21
13 17 21 21
13 18 22 22
13 19 20 20
13 20 23 23
14 14 0 0
14 15 25 25
14 16 20 20
14 17 19 19
14 18 21 21
14 19 18 18
14 20 20 20
15 15 0 0
15 16 7 7
15 17 6 6
15 18 5 5
15 19 8 8
15 20 5 5
16 16 0 0
16 17 3 3
16 18 2 2
16 19 2 2
16 20 5 5
17 17 0 0
17 18 2 2
17 19 2 2
17 20 3 3
18 18 0 0
18 19 3 3
18 20 4 4
19 19 0 0
19 20 5 5
20 20 0 0
