20
0
10
2
12
16
3
4
5
15
1 1 0 0
1 2 6 6
1 3 2 2
1 4 5 5
1 5 6 6
1 6 6 6
1 7 5 5
1 8 21 21
1 9 22 22
1 10 25 25
1 11 23 23
1 12 23 23
1 13 25 25
1 14 22 22
1 15 22 22
1 16 21 21
1 17 22 22
1 18 24 24
1 19 24 24
1 20 23 23
2 2 0 0
2 3 4 4
2 4 1 1
2 5 1 1
2 6 1 1
2 7 2 2
2 8 17 17
2 9 18 18
2 10 22 22
2 11 19 19
2 12 20 20
2 13 22 22
2 14 19 19
2 15 24 24
2 16 25 25
2 17 24 24
2 18 28 28
2 19 27 27
2 20 25 25
3 3 0 0
3 4 4 4
3 5 5 5
3 6 4 4
3 7 3 3
3 8 20 20
3 9 21 21
3 10 25 25
3 11 22 22
3 12 23 23
3 13 25 25
3 14 22 22
3 15 23 23
3 16 23 23
3 17 23 23
3 18 26 26
3 19 26 26
3 20 24 24
4 4 0 0
4 5 1 1
4 6 1 1
4 7 2 2
4 8 17 17
4 9 18 18
4 10 22 22
4 11 19 19
4 12 20 20
4 13 22 22
4 14 19 19
4 15 23 23
4 16 24 24
4 17 23 23
4 18 27 27
4 19 26 26
4 20 25 25
5 5 0 0
5 6 1 1
5 7 3 3
5 8 16 16
5 9 17 17
5 10 21 21
5 11 18 18
5 12 19 19
5 13 21 21
5 14 18 18
5 15 24 24
5 16 25 25
5 17 24 24
5 18 27 27
5 19 27 27
5 20 25 25
6 6 0 0
6 7 3 3
6 8 16 16
6 9 17 17
6 10 21 21
6 11 18 18
6 12 19 19
6 13 21 21
6 14 18 18
6 15 23 23
6 16 24 24
6 17 23 23
6 18 26 26
6 19 26 26
6 20 24 24
7 7 0 0
7 8 19 19
7 9 20 20
7 10 24 24
7 11 21 21
7 12 22 22
7 13 24 24
7 14 21 21
7 15 25 25
7 16 25 25
7 17 25 25
7 18 28 28
7 19 28 28
7 20 26 26
8 8 0 0
8 9 1 1
8 10 6 6
8 11 2 2
8 12 4 4
8 13 5 5
8 14 3 3
8 15 22 22
8 16 26 26
8 17 22 22
8 18 27 27
8 19 26 26
8 20 24 24
9 9 0 0
9 10 6 6
9 11 1 1
9 12 4 4
9 13 4 4
9 14 2 2
9 15 22 22
9 16 27 27
9 17 22 22
9 18 28 28
9 19 26 26
9 20 24 24
10 10 0 0
10 11 5 5
10 12 2 2
10 13 4 4
10 14 4 4
10 15 20 20
10 16 26 26
10 17 20 20
10 18 26 26
10 19 24 24
10 20 22 22
11 11 0 0
11 12 3 3
11 13 3 3
11 14 2 2
11 15 22 22
11 16 27 27
11 17 22 22
11 18 28 28
11 19 26 26
11 20 24 24
12 12 0 0
12 13 4 4
12 14 1 1
12 15 20 20
12 16 25 25
12 17 20 20
12 18 25 25
12 19 24 24
12 20 22 22
13 13 0 0
13 14 4 4
13 15 23 23
13 16 29 29
13 17 23 23
13 18 29 29
13 19 27 27
13 20 25 25
14 14 0 0
14 15 20 20
14 16 26 26
14 17 20 20
14 18 26 26
14 19 24 24
14 20 22 22
15 15 0 0
15 16 7 7
15 17 0 0
15 18 6 6
15 19 4 4
15 20 2 2
16 16 0 0
16 17 7 7
16 18 4 4
16 19 5 5
16 20 5 5
17 17 0 0
17 18 6 6
17 19 4 4
17 20 2 2
18 18 0 0
18 19 2 2
18 20 4 4
19 19 0 0
19 20 2 2
20 20 0 0
