20
0
10
2
5
10
3
2
5
12
1 1 0 0
1 2 4 4
1 3 3 3
1 4 3 3
1 5 5 5
1 6 2 2
1 7 3 3
1 8 20 20
1 9 20 20
1 10 22 22
1 11 22 22
1 12 19 19
1 13 19 19
1 14 23 23
1 15 18 18
1 16 22 22
1 17 24 24
1 18 21 21
1 19 20 20
1 20 24 24
2 2 0 0
2 3 4 4
2 4 2 2
2 5 1 1
2 6 6 6
2 7 3 3
2 8 22 22
2 9 22 22
2 10 24 24
2 11 24 24
2 12 21 21
2 13 22 22
2 14 25 25
2 15 22 22
2 16 26 26
2 17 28 28
2 18 24 24
2 19 23 23
2 20 27 27
3 3 0 0
3 4 5 5
3 5 5 5
3 6 3 3
3 7 1 1
3 8 18 18
3 9 18 18
3 10 20 20
3 11 20 20
3 12 17 17
3 13 17 17
3 14 21 21
3 15 20 20
3 16 23 23
3 17 25 25
3 18 22 22
3 19 21 21
3 20 25 25
4 4 0 0
4 5 3 3
4 6 5 5
4 7 4 4
4 8 23 23
4 9 23 23
4 10 25 25
4 11 25 25
4 12 22 22
4 13 22 22
4 14 26 26
4 15 21 21
4 16 25 25
4 17 27 27
4 18 23 23
4 19 22 22
4 20 26 26
5 5 0 0
5 6 7 7
5 7 4 4
5 8 23 23
5 9 23 23
5 10 25 25
5 11 25 25
5 12 22 22
5 13 23 23
5 14 26 26
5 15 23 23
5 16 27 27
5 17 29 29
5 18 26 26
5 19 25 25
5 20 29 29
6 6 0 0
6 7 4 4
6 8 18 18
6 9 18 18
6 10 20 20
6 11 20 20
6 12 17 17
6 13 17 17
6 14 21 21
6 15 17 17
6 16 21 21
6 17 22 22
6 18 19 19
6 19 18 18
6 20 22 22
7 7 0 0
7 8 19 19
7 9 19 19
7 10 21 21
7 11 21 21
7 12 18 18
7 13 19 19
7 14 22 22
7 15 21 21
7 16 25 25
7 17 26 26
7 18 23 23
7 19 22 22
7 20 26 26
8 8 0 0
8 9 2 2
8 10 2 2
8 11 4 4
8 12 1 1
8 13 4 4
8 14 4 4
8 15 23 23
8 16 24 24
8 17 24 24
8 18 22 22
8 19 23 23
8 20 26 26
9 9 0 0
9 10 4 4
9 11 2 2
9 12 1 1
9 13 2 2
9 14 3 3
9 15 21 21
9 16 22 22
9 17 22 22
9 18 21 21
9 19 22 22
9 20 25 25
10 10 0 0
10 11 4 4
10 12 4 4
10 13 6 6
10 14 4 4
10 15 25 25
10 16 26 26
10 17 26 26
10 18 24 24
10 19 25 25
10 20 28 28
11 11 0 0
11 12 4 4
11 13 3 3
11 14 1 1
11 15 22 22
11 16 22 22
11 17 22 22
11 18 21 21
11 19 22 22
11 20 25 25
12 12 0 0
12 13 3 3
12 14 4 4
12 15 22 22
12 16 23 23
12 17 23 23
12 18 21 21
12 19 22 22
12 20 25 25
13 13 0 0
13 14 4 4
13 15 19 19
13 16 20 20
13 17 20 20
13 18 18 18
13 19 19 19
13 20 22 22
14 14 0 0
14 15 23 23
14 16 23 23
14 17 23 23
14 18 21 21
14 19 23 23
14 20 25 25
15 15 0 0
15 16 4 4
15 17 6 6
15 18 3 3
15 19 1 1
15 20 5 5
16 16 0 0
16 17 2 2
16 18 2 2
16 19 3 3
16 20 2 2
17 17 0 0
17 18 4 4
17 19 5 5
17 20 3 3
18 18 0 0
18 19 2 2
18 20 4 4
19 19 0 0
19 20 4 4
20 20 0 0
