20
0
10
2
15
20
3
2
4
7
1 1 0 0
1 2 2 2
1 3 7 7
1 4 6 6
1 5 1 1
1 6 6 6
1 7 7 7
1 8 22 22
1 9 23 23
1 10 20 20
1 11 22 22
1 12 18 18
1 13 21 21
1 14 22 22
1 15 20 20
1 16 18 18
1 17 17 17
1 18 20 20
1 19 17 17
1 20 23 23
2 2 0 0
2 3 6 6
2 4 7 7
2 5 1 1
2 6 6 6
2 7 6 6
2 8 20 20
2 9 21 21
2 10 18 18
2 11 20 20
2 12 16 16
2 13 19 19
2 14 20 20
2 15 19 19
2 16 17 17
2 17 16 16
2 18 19 19
2 19 16 16
2 20 22 22
3 3 0 0
3 4 5 5
3 5 6 6
3 6 3 3
3 7 0 0
3 8 18 18
3 9 19 19
3 10 17 17
3 11 19 19
3 12 16 16
3 13 19 19
3 14 19 19
3 15 23 23
3 16 23 23
3 17 22 22
3 18 23 23
3 19 21 21
3 20 27 27
4 4 0 0
4 5 7 7
4 6 2 2
4 7 5 5
4 8 23 23
4 9 24 24
4 10 22 22
4 11 24 24
4 12 21 21
4 13 24 24
4 14 24 24
4 15 26 26
4 16 24 24
4 17 23 23
4 18 26 26
4 19 23 23
4 20 29 29
5 5 0 0
5 6 6 6
5 7 6 6
5 8 21 21
5 9 22 22
5 10 19 19
5 11 21 21
5 12 17 17
5 13 20 20
5 14 21 21
5 15 19 19
5 16 17 17
5 17 17 17
5 18 19 19
5 19 16 16
5 20 22 22
6 6 0 0
6 7 3 3
6 8 21 21
6 9 22 22
6 10 20 20
6 11 22 22
6 12 19 19
6 13 22 22
6 14 22 22
6 15 25 25
6 16 23 23
6 17 22 22
6 18 25 25
6 19 22 22
6 20 28 28
7 7 0 0
7 8 18 18
7 9 19 19
7 10 17 17
7 11 19 19
7 12 16 16
7 13 19 19
7 14 19 19
7 15 23 23
7 16 23 23
7 17 22 22
7 18 23 23
7 19 21 21
7 20 27 27
8 8 0 0
8 9 1 1
8 10 3 3
8 11 2 2
8 12 6 6
8 13 5 5
8 14 1 1
8 15 22 22
8 16 25 25
8 17 24 24
8 18 22 22
8 19 22 22
8 20 25 25
9 9 0 0
9 10 4 4
9 11 3 3
9 12 7 7
9 13 6 6
9 14 2 2
9 15 23 23
9 16 26 26
9 17 25 25
9 18 23 23
9 19 24 24
9 20 27 27
10 10 0 0
10 11 2 2
10 12 3 3
10 13 2 2
10 14 3 3
10 15 18 18
10 16 22 22
10 17 21 21
10 18 18 18
10 19 19 19
10 20 22 22
11 11 0 0
11 12 5 5
11 13 3 3
11 14 1 1
11 15 20 20
11 16 24 24
11 17 23 23
11 18 20 20
11 19 21 21
11 20 24 24
12 12 0 0
12 13 3 3
12 14 6 6
12 15 16 16
12 16 19 19
12 17 18 18
12 18 16 16
12 19 17 17
12 20 20 20
13 13 0 0
13 14 4 4
13 15 17 17
13 16 21 21
13 17 20 20
13 18 17 17
13 19 18 18
13 20 21 21
14 14 0 0
14 15 21 21
14 16 24 24
14 17 24 24
14 18 21 21
14 19 22 22
14 20 25 25
15 15 0 0
15 16 5 5
15 17 5 5
15 18 0 0
15 19 4 4
15 20 4 4
16 16 0 0
16 17 1 1
16 18 5 5
16 19 2 2
16 20 6 6
17 17 0 0
17 18 5 5
17 19 1 1
17 20 6 6
18 18 0 0
18 19 4 4
18 20 4 4
19 19 0 0
19 20 6 6
20 20 0 0
